$Material for wing 2
MAT1        20017.100+10          0.3300    2810
PBAR        2001    2001 7.449-2 5.826-2 5.826-2 0.000+0 5.826-2   0.000
          1.0874  0.0000  0.0000  1.0874 -1.0874  0.0000  0.0000 -1.0874
CBAR        2001    2001    2001    2002 -0.0000  1.0000 -0.0000     GGG
PBAR        2002    2001 8.103-2 7.498-2 7.498-2 0.000+0 7.498-2   0.000
          1.1824  0.0000  0.0000  1.1824 -1.1824  0.0000  0.0000 -1.1824
CBAR        2002    2002    2002    2003 -0.0000  1.0000 -0.0000     GGG
PBAR        2003    2001 7.555-2 6.076-2 6.076-2 0.000+0 6.076-2   0.000
          1.1027  0.0000  0.0000  1.1027 -1.1027  0.0000  0.0000 -1.1027
CBAR        2003    2003    2003    2004 -0.0000  1.0000 -0.0000     GGG
PBAR        2004    2001 5.904-2 2.900-2 2.900-2 0.000+0 2.900-2   0.000
          0.8627  0.0000  0.0000  0.8627 -0.8627  0.0000  0.0000 -0.8627
CBAR        2004    2004    2004    2005 -0.0000  1.0000 -0.0000     GGG
$Set Grid Wing
SET1        2001    2001    2002    2003    2004    2005
$Wing's Wing CBAR elem IDs 
SET1        2002    2001    2002    2003    2004
RBE0        2001    2001    2006    2007    2008    2009
RBE0        2002    2002    2010    2011    2012    2013
RBE0        2003    2003    2014    2015    2016    2017
RBE0        2004    2004    2018    2019    2020    2021
RBE0        2005    2005    2022    2023    2024    2025
$Wing Grid
GRID        2001       0 32.0117 -2.6500  2.7000       0
GRID        2002       0 33.2384 -2.6500  2.7000       0
GRID        2003       0 34.4651 -2.6500  2.7000       0
GRID        2004       0 35.6918 -2.6500  2.7000       0
GRID        2005       0 36.9185 -2.6500  2.7000       0
GRID        2006       0 32.0117 -3.6500  2.7000       0
GRID        2007       0 32.0117 -1.6500  2.7000       0
GRID        2008       0 32.0117 -2.6500  3.7000       0
GRID        2009       0 32.0117 -2.6500  1.7000       0
GRID        2010       0 33.2384 -3.8247  2.7000       0
GRID        2011       0 33.2384 -1.4753  2.7000       0
GRID        2012       0 33.2384 -2.6500  3.8747       0
GRID        2013       0 33.2384 -2.6500  1.5253       0
GRID        2014       0 34.4651 -3.8401  2.7000       0
GRID        2015       0 34.4651 -1.4599  2.7000       0
GRID        2016       0 34.4651 -2.6500  3.8901       0
GRID        2017       0 34.4651 -2.6500  1.5099       0
GRID        2018       0 35.6918 -3.6653  2.7000       0
GRID        2019       0 35.6918 -1.6347  2.7000       0
GRID        2020       0 35.6918 -2.6500  3.7153       0
GRID        2021       0 35.6918 -2.6500  1.6847       0
GRID        2022       0 36.9185 -3.3601  2.7000       0
GRID        2023       0 36.9185 -1.9399  2.7000       0
GRID        2024       0 36.9185 -2.6500  3.4101       0
GRID        2025       0 36.9185 -2.6500  1.9899       0
PBAR        2501    2001 7.449-2 5.826-2 5.826-2 0.000+0 5.826-2   0.000
          1.0874  0.0000  0.0000  1.0874 -1.0874  0.0000  0.0000 -1.0874
CBAR        2501    2501    2501    2502 -0.0000  1.0000 -0.0000     GGG
PBAR        2502    2001 8.103-2 7.498-2 7.498-2 0.000+0 7.498-2   0.000
          1.1824  0.0000  0.0000  1.1824 -1.1824  0.0000  0.0000 -1.1824
CBAR        2502    2502    2502    2503 -0.0000  1.0000 -0.0000     GGG
PBAR        2503    2001 7.555-2 6.076-2 6.076-2 0.000+0 6.076-2   0.000
          1.1027  0.0000  0.0000  1.1027 -1.1027  0.0000  0.0000 -1.1027
CBAR        2503    2503    2503    2504 -0.0000  1.0000 -0.0000     GGG
PBAR        2504    2001 5.904-2 2.900-2 2.900-2 0.000+0 2.900-2   0.000
          0.8627  0.0000  0.0000  0.8627 -0.8627  0.0000  0.0000 -0.8627
CBAR        2504    2504    2504    2505 -0.0000  1.0000 -0.0000     GGG
$Set Grid Wing
SET1        2501    2501    2502    2503    2504    2505
$Wing's Wing CBAR elem IDs 
SET1        2502    2501    2502    2503    2504
RBE0        2501    2501    2506    2507    2508    2509
RBE0        2502    2502    2510    2511    2512    2513
RBE0        2503    2503    2514    2515    2516    2517
RBE0        2504    2504    2518    2519    2520    2521
RBE0        2505    2505    2522    2523    2524    2525
$Wing Grid
GRID        2001       0 32.0117 -2.6500  2.7000       0
GRID        2002       0 33.2384 -2.6500  2.7000       0
GRID        2003       0 34.4651 -2.6500  2.7000       0
GRID        2004       0 35.6918 -2.6500  2.7000       0
GRID        2005       0 36.9185 -2.6500  2.7000       0
GRID        2006       0 32.0117 -3.6500  2.7000       0
GRID        2007       0 32.0117 -1.6500  2.7000       0
GRID        2008       0 32.0117 -2.6500  3.7000       0
GRID        2009       0 32.0117 -2.6500  1.7000       0
GRID        2010       0 33.2384 -3.8247  2.7000       0
GRID        2011       0 33.2384 -1.4753  2.7000       0
GRID        2012       0 33.2384 -2.6500  3.8747       0
GRID        2013       0 33.2384 -2.6500  1.5253       0
GRID        2014       0 34.4651 -3.8401  2.7000       0
GRID        2015       0 34.4651 -1.4599  2.7000       0
GRID        2016       0 34.4651 -2.6500  3.8901       0
GRID        2017       0 34.4651 -2.6500  1.5099       0
GRID        2018       0 35.6918 -3.6653  2.7000       0
GRID        2019       0 35.6918 -1.6347  2.7000       0
GRID        2020       0 35.6918 -2.6500  3.7153       0
GRID        2021       0 35.6918 -2.6500  1.6847       0
GRID        2022       0 36.9185 -3.3601  2.7000       0
GRID        2023       0 36.9185 -1.9399  2.7000       0
GRID        2024       0 36.9185 -2.6500  3.4101       0
GRID        2025       0 36.9185 -2.6500  1.9899       0
GRID        2501       0 32.0117  2.6500  2.7000       0
GRID        2502       0 33.2384  2.6500  2.7000       0
GRID        2503       0 34.4651  2.6500  2.7000       0
GRID        2504       0 35.6918  2.6500  2.7000       0
GRID        2505       0 36.9185  2.6500  2.7000       0
GRID        2506       0 32.0117  3.6500  2.7000       0
GRID        2507       0 32.0117  1.6500  2.7000       0
GRID        2508       0 32.0117  2.6500  3.7000       0
GRID        2509       0 32.0117  2.6500  1.7000       0
GRID        2510       0 33.2384  3.8247  2.7000       0
GRID        2511       0 33.2384  1.4753  2.7000       0
GRID        2512       0 33.2384  2.6500  3.8747       0
GRID        2513       0 33.2384  2.6500  1.5253       0
GRID        2514       0 34.4651  3.8401  2.7000       0
GRID        2515       0 34.4651  1.4599  2.7000       0
GRID        2516       0 34.4651  2.6500  3.8901       0
GRID        2517       0 34.4651  2.6500  1.5099       0
GRID        2518       0 35.6918  3.6653  2.7000       0
GRID        2519       0 35.6918  1.6347  2.7000       0
GRID        2520       0 35.6918  2.6500  3.7153       0
GRID        2521       0 35.6918  2.6500  1.6847       0
GRID        2522       0 36.9185  3.3601  2.7000       0
GRID        2523       0 36.9185  1.9399  2.7000       0
GRID        2524       0 36.9185  2.6500  3.4101       0
GRID        2525       0 36.9185  2.6500  1.9899       0
