$-------2-------3-------4-------5-------6-------7-------8-------9-------10
Wing 5 
$-------2-------3-------4-------5-------6-------7-------8-------9-------10
$Section 1
CAERO1  6101    5.0000  0       3       4       0012    0012    1       
        4.4510  0.0000  0.0000  3.6629  2.9876  0.6400  36.0831 0.0722  0.0722  
SPLINE1     6101    6101       1      12    6101
SET1        6101    6001    6002    6003    6004    6005    6006
$-------2-------3-------4-------5-------6-------7-------8-------9-------10
$Section 2
CAERO1  6102    5.0000  0       3       4       0012    0012    1       
        6.9579  2.9763  0.2604  2.3443  2.9876  0.5156  36.6523 0.0722  0.0722  
SPLINE1     6102    6102       1      12    6102
SET1        6102    6006    6007    6008    6009    6010    6011
$-------2-------3-------4-------5-------6-------7-------8-------9-------10
Symmetry of Wing 5 
$-------2-------3-------4-------5-------6-------7-------8-------9-------10
$Section 1
CAERO1  6601    175.00000       3       4       0012    0012    1       
        4.4510  -0.0000 0.0000  3.6629  2.9876  0.6400  36.0831 -0.0722 -0.0722 
SPLINE1     6601    6601       1      12    6601
SET1        6601    6501    6502    6503    6504    6505    6506
$-------2-------3-------4-------5-------6-------7-------8-------9-------10
$Section 2
CAERO1  6602    175.00000       3       4       0012    0012    1       
        6.9579  -2.9763 0.2604  2.3443  2.9876  0.5156  36.6523 -0.0722 -0.0722 
SPLINE1     6602    6602       1      12    6602
SET1        6602    6506    6507    6508    6509    6510    6511
