$Material for wing 1
MAT1        2001 7.1e+10            0.33    2810
PBAR        2001    2001 1.864-2 2.701-3 2.335-2   0.000 1.303-2   0.000
          0.4100  1.6398 -0.4100  1.6398 -0.4100 -1.6398  0.4100 -1.6398
CBAR        2001    2001    2001    2002 -0.0013 -0.0987  0.9951     GGG
PBAR        2002    2001 1.645-2 1.854-3 1.604-2   0.000 8.945-3   0.000
          0.3617  1.4469 -0.3617  1.4469 -0.3617 -1.4469  0.3617 -1.4469
CBAR        2002    2002    2002    2003 -0.0013 -0.0982  0.9952     GGG
PBAR        2003    2001 1.486-2 1.368-3 1.184-2   0.000 6.603-3   0.000
          0.3270  1.3079 -0.3270  1.3079 -0.3270 -1.3079  0.3270 -1.3079
CBAR        2003    2003    2003    2004 -0.0013 -0.0982  0.9952     GGG
PBAR        2004    2001 1.328-2 9.756-4 8.445-3   0.000 4.710-3   0.000
          0.2922  1.1688 -0.2922  1.1688 -0.2922 -1.1688  0.2922 -1.1688
CBAR        2004    2004    2004    2005 -0.0013 -0.0982  0.9952     GGG
PBAR        2005    2001 1.167-2 6.618-4 5.733-3   0.000 3.197-3   0.000
          0.2569  1.0274 -0.2569  1.0274 -0.2569 -1.0274  0.2569 -1.0274
CBAR        2005    2005    2005    2006 -0.0013 -0.0982  0.9952     GGG
PBAR        2006    2001 1.017-2 4.376-4 3.794-3   0.000 2.116-3   0.000
          0.2239  0.8955 -0.2239  0.8955 -0.2239 -0.8955  0.2239 -0.8955
CBAR        2006    2006    2006    2007  0.0186 -0.0142  0.9997     GGG
PBAR        2007    2001 9.020-3 3.050-4 2.646-3   0.000 1.476-3   0.000
          0.1986  0.7944 -0.1986  0.7944 -0.1986 -0.7944  0.1986 -0.7944
CBAR        2007    2007    2007    2008 -0.0013 -0.0043  1.0000     GGG
PBAR        2008    2001 8.084-3 2.193-4 1.905-3   0.000 1.062-3   0.000
          0.1780  0.7121 -0.1780  0.7121 -0.1780 -0.7121  0.1780 -0.7121
CBAR        2008    2008    2008    2009 -0.0013 -0.0043  1.0000     GGG
PBAR        2009    2001 7.147-3 1.515-4 1.317-3   0.000 7.340-4   0.000
          0.1574  0.6298 -0.1574  0.6298 -0.1574 -0.6298  0.1574 -0.6298
CBAR        2009    2009    2009    2010 -0.0013 -0.0043  1.0000     GGG
PBAR        2010    2001 6.208-3 9.910-5 8.627-4   0.000 4.809-4   0.000
          0.1368  0.5472 -0.1368  0.5472 -0.1368 -0.5472  0.1368 -0.5472
CBAR        2010    2010    2010    2011 -0.0013 -0.0043  1.0000     GGG
PBAR        2011    2001 5.467-3 6.760-5 5.893-4   0.000 3.284-4   0.000
          0.1205  0.4821 -0.1205  0.4821 -0.1205 -0.4821  0.1205 -0.4821
CBAR        2011    2011    2011    2012 -0.0013 -0.0043  1.0000     GGG
PBAR        2012    2001 4.939-3 4.980-5 4.347-4   0.000 2.422-4   0.000
          0.1089  0.4358 -0.1089  0.4358 -0.1089 -0.4358  0.1089 -0.4358
CBAR        2012    2012    2012    2013 -0.0013 -0.0043  1.0000     GGG
PBAR        2013    2001 4.423-3 3.572-5 3.122-4   0.000 1.740-4   0.000
          0.0976  0.3904 -0.0976  0.3904 -0.0976 -0.3904  0.0976 -0.3904
CBAR        2013    2013    2013    2014 -0.0013 -0.0043  1.0000     GGG
PBAR        2014    2001 3.907-3 2.458-5 2.152-4   0.000 1.199-4   0.000
          0.0863  0.3451 -0.0863  0.3451 -0.0863 -0.3451  0.0863 -0.3451
CBAR        2014    2014    2014    2015 -0.0013 -0.0043  1.0000     GGG
PBAR        2015    2001 3.580-3 1.889-5 1.656-4   0.000 9.226-5   0.000
          0.0791  0.3164 -0.0791  0.3164 -0.0791 -0.3164  0.0791 -0.3164
CBAR        2015    2015    2015    2016 -0.0013 -0.0043  1.0000     GGG
$Set Grid Wing
SET1        2001    2001    2002    2003    2004    2005    2006    2007
            2008    2009    2010    2011    2012    2013    2014    2015
            2016
$Wing's Wing CBAR elem IDs 
SET1        2002    2001    2002    2003    2004    2005    2006    2007
            2008    2009    2010    2011    2012    2013    2014    2015
RBE0        2001    2001    2016    2017    2018
RBE0        2002    2002    2018    2019    2020
RBE0        2003    2003    2020    2021    2022
RBE0        2004    2004    2022    2023    2024
RBE0        2005    2005    2024    2025    2026
RBE0        2006    2006    2026    2027    2028
RBE0        2007    2007    2028    2029    2030
RBE0        2008    2008    2030    2031    2032
RBE0        2009    2009    2032    2033    2034
RBE0        2010    2010    2034    2035    2036
RBE0        2011    2011    2036    2037    2038
RBE0        2012    2012    2038    2039    2040
RBE0        2013    2013    2040    2041    2042
RBE0        2014    2014    2042    2043    2044
RBE0        2015    2015    2044    2045    2046
RBE0        2016    2016    2046    2047    2048
$Wing Grid
GRID        2001       0 18.1035  0.0000 -1.4176       0
GRID        2002       0 18.5383  1.1642 -1.3021       0
GRID        2003       0 18.9731  2.3283 -1.1867       0
GRID        2004       0 19.4080  3.4925 -1.0712       0
GRID        2005       0 19.8428  4.6567 -0.9558       0
GRID        2006       0 20.2776  5.8209 -0.8404       0
GRID        2007       0 20.9649  7.2142 -0.8335       0
GRID        2008       0 21.6521  8.6075 -0.8265       0
GRID        2009       0 22.3394 10.0008 -0.8196       0
GRID        2010       0 23.0267 11.3941 -0.8127       0
GRID        2011       0 23.7140 12.7875 -0.8058       0
GRID        2012       0 24.1451 13.6400 -0.8015       0
GRID        2013       0 24.5763 14.4925 -0.7973       0
GRID        2014       0 25.0074 15.3450 -0.7930       0
GRID        2015       0 25.4386 16.1975 -0.7888       0
GRID        2016       0 25.8697 17.0500 -0.7845       0
GRID        2017       0 16.3404  0.0002 -1.4198       0
GRID        2018       0 19.8667 -0.0002 -1.4154       0
GRID        2019       0 17.1757  1.6684 -1.2541       0
GRID        2020       0 20.0186  0.6165 -1.3543       0
GRID        2021       0 17.7354  2.7863 -1.1430       0
GRID        2022       0 20.3177  1.8309 -1.2341       0
GRID        2023       0 18.2952  3.9042 -1.0320       0
GRID        2024       0 20.6167  3.0453 -1.1139       0
GRID        2025       0 18.8550  5.0222 -0.9210       0
GRID        2026       0 20.9158  4.2597 -0.9936       0
GRID        2027       0 19.4760  6.2163 -0.8397       0
GRID        2028       0 21.1895  5.3712 -0.8836       0
GRID        2029       0 20.2351  7.5741 -0.8328       0
GRID        2030       0 21.7337  6.8349 -0.8341       0
GRID        2031       0 20.9943  8.9320 -0.8260       0
GRID        2032       0 22.3453  8.2656 -0.8271       0
GRID        2033       0 21.7534 10.2899 -0.8191       0
GRID        2034       0 22.9569  9.6963 -0.8202       0
GRID        2035       0 22.5126 11.6478 -0.8122       0
GRID        2036       0 23.5684 11.1269 -0.8132       0
GRID        2037       0 23.2752 13.0094 -0.8054       0
GRID        2038       0 24.1779 12.5528 -0.8062       0
GRID        2039       0 23.7458 13.8419 -0.8012       0
GRID        2040       0 24.5641 13.4281 -0.8019       0
GRID        2041       0 24.2165 14.6744 -0.7970       0
GRID        2042       0 24.9538 14.3016 -0.7976       0
GRID        2043       0 24.6871 15.5070 -0.7927       0
GRID        2044       0 25.3435 15.1750 -0.7934       0
GRID        2045       0 25.1577 16.3395 -0.7885       0
GRID        2046       0 25.7332 16.0485 -0.7891       0
GRID        2047       0 25.5594 17.0500 -0.7849       0
GRID        2048       0 26.1801 17.0500 -0.7842       0
PBAR        2501    2001 1.864-2 2.701-3 2.335-2   0.000 1.303-2   0.000
          0.4100  1.6398 -0.4100  1.6398 -0.4100 -1.6398  0.4100 -1.6398
CBAR        2501    2501    2501    2502  0.0013 -0.0987 -0.9951     GGG
PBAR        2502    2001 1.645-2 1.854-3 1.604-2   0.000 8.945-3   0.000
          0.3617  1.4469 -0.3617  1.4469 -0.3617 -1.4469  0.3617 -1.4469
CBAR        2502    2502    2502    2503  0.0013 -0.0982 -0.9952     GGG
PBAR        2503    2001 1.486-2 1.368-3 1.184-2   0.000 6.603-3   0.000
          0.3270  1.3079 -0.3270  1.3079 -0.3270 -1.3079  0.3270 -1.3079
CBAR        2503    2503    2503    2504  0.0013 -0.0982 -0.9952     GGG
PBAR        2504    2001 1.328-2 9.756-4 8.445-3   0.000 4.710-3   0.000
          0.2922  1.1688 -0.2922  1.1688 -0.2922 -1.1688  0.2922 -1.1688
CBAR        2504    2504    2504    2505  0.0013 -0.0982 -0.9952     GGG
PBAR        2505    2001 1.167-2 6.618-4 5.733-3   0.000 3.197-3   0.000
          0.2569  1.0274 -0.2569  1.0274 -0.2569 -1.0274  0.2569 -1.0274
CBAR        2505    2505    2505    2506  0.0013 -0.0982 -0.9952     GGG
PBAR        2506    2001 1.017-2 4.376-4 3.794-3   0.000 2.116-3   0.000
          0.2239  0.8955 -0.2239  0.8955 -0.2239 -0.8955  0.2239 -0.8955
CBAR        2506    2506    2506    2507 -0.0186 -0.0142 -0.9997     GGG
PBAR        2507    2001 9.020-3 3.050-4 2.646-3   0.000 1.476-3   0.000
          0.1986  0.7944 -0.1986  0.7944 -0.1986 -0.7944  0.1986 -0.7944
CBAR        2507    2507    2507    2508  0.0013 -0.0043 -1.0000     GGG
PBAR        2508    2001 8.084-3 2.193-4 1.905-3   0.000 1.062-3   0.000
          0.1780  0.7121 -0.1780  0.7121 -0.1780 -0.7121  0.1780 -0.7121
CBAR        2508    2508    2508    2509  0.0013 -0.0043 -1.0000     GGG
PBAR        2509    2001 7.147-3 1.515-4 1.317-3   0.000 7.340-4   0.000
          0.1574  0.6298 -0.1574  0.6298 -0.1574 -0.6298  0.1574 -0.6298
CBAR        2509    2509    2509    2510  0.0013 -0.0043 -1.0000     GGG
PBAR        2510    2001 6.208-3 9.910-5 8.627-4   0.000 4.809-4   0.000
          0.1368  0.5472 -0.1368  0.5472 -0.1368 -0.5472  0.1368 -0.5472
CBAR        2510    2510    2510    2511  0.0013 -0.0043 -1.0000     GGG
PBAR        2511    2001 5.467-3 6.760-5 5.893-4   0.000 3.284-4   0.000
          0.1205  0.4821 -0.1205  0.4821 -0.1205 -0.4821  0.1205 -0.4821
CBAR        2511    2511    2511    2512  0.0013 -0.0043 -1.0000     GGG
PBAR        2512    2001 4.939-3 4.980-5 4.347-4   0.000 2.422-4   0.000
          0.1089  0.4358 -0.1089  0.4358 -0.1089 -0.4358  0.1089 -0.4358
CBAR        2512    2512    2512    2513  0.0013 -0.0043 -1.0000     GGG
PBAR        2513    2001 4.423-3 3.572-5 3.122-4   0.000 1.740-4   0.000
          0.0976  0.3904 -0.0976  0.3904 -0.0976 -0.3904  0.0976 -0.3904
CBAR        2513    2513    2513    2514  0.0013 -0.0043 -1.0000     GGG
PBAR        2514    2001 3.907-3 2.458-5 2.152-4   0.000 1.199-4   0.000
          0.0863  0.3451 -0.0863  0.3451 -0.0863 -0.3451  0.0863 -0.3451
CBAR        2514    2514    2514    2515  0.0013 -0.0043 -1.0000     GGG
PBAR        2515    2001 3.580-3 1.889-5 1.656-4   0.000 9.226-5   0.000
          0.0791  0.3164 -0.0791  0.3164 -0.0791 -0.3164  0.0791 -0.3164
CBAR        2515    2515    2515    2516  0.0013 -0.0043 -1.0000     GGG
$Set Grid Wing
SET1        2501    2501    2502    2503    2504    2505    2506    2507
            2508    2509    2510    2511    2512    2513    2514    2515
            2516
$Wing's Wing CBAR elem IDs 
SET1        2502    2501    2502    2503    2504    2505    2506    2507
            2508    2509    2510    2511    2512    2513    2514    2515
RBE0        2501    2501    2516    2517    2518
RBE0        2502    2502    2518    2519    2520
RBE0        2503    2503    2520    2521    2522
RBE0        2504    2504    2522    2523    2524
RBE0        2505    2505    2524    2525    2526
RBE0        2506    2506    2526    2527    2528
RBE0        2507    2507    2528    2529    2530
RBE0        2508    2508    2530    2531    2532
RBE0        2509    2509    2532    2533    2534
RBE0        2510    2510    2534    2535    2536
RBE0        2511    2511    2536    2537    2538
RBE0        2512    2512    2538    2539    2540
RBE0        2513    2513    2540    2541    2542
RBE0        2514    2514    2542    2543    2544
RBE0        2515    2515    2544    2545    2546
RBE0        2516    2516    2546    2547    2548
$Wing Grid
GRID        2001       0 18.1035  0.0000 -1.4176       0
GRID        2002       0 18.5383  1.1642 -1.3021       0
GRID        2003       0 18.9731  2.3283 -1.1867       0
GRID        2004       0 19.4080  3.4925 -1.0712       0
GRID        2005       0 19.8428  4.6567 -0.9558       0
GRID        2006       0 20.2776  5.8209 -0.8404       0
GRID        2007       0 20.9649  7.2142 -0.8335       0
GRID        2008       0 21.6521  8.6075 -0.8265       0
GRID        2009       0 22.3394 10.0008 -0.8196       0
GRID        2010       0 23.0267 11.3941 -0.8127       0
GRID        2011       0 23.7140 12.7875 -0.8058       0
GRID        2012       0 24.1451 13.6400 -0.8015       0
GRID        2013       0 24.5763 14.4925 -0.7973       0
GRID        2014       0 25.0074 15.3450 -0.7930       0
GRID        2015       0 25.4386 16.1975 -0.7888       0
GRID        2016       0 25.8697 17.0500 -0.7845       0
GRID        2017       0 16.3404  0.0002 -1.4198       0
GRID        2018       0 19.8667 -0.0002 -1.4154       0
GRID        2019       0 17.1757  1.6684 -1.2541       0
GRID        2020       0 20.0186  0.6165 -1.3543       0
GRID        2021       0 17.7354  2.7863 -1.1430       0
GRID        2022       0 20.3177  1.8309 -1.2341       0
GRID        2023       0 18.2952  3.9042 -1.0320       0
GRID        2024       0 20.6167  3.0453 -1.1139       0
GRID        2025       0 18.8550  5.0222 -0.9210       0
GRID        2026       0 20.9158  4.2597 -0.9936       0
GRID        2027       0 19.4760  6.2163 -0.8397       0
GRID        2028       0 21.1895  5.3712 -0.8836       0
GRID        2029       0 20.2351  7.5741 -0.8328       0
GRID        2030       0 21.7337  6.8349 -0.8341       0
GRID        2031       0 20.9943  8.9320 -0.8260       0
GRID        2032       0 22.3453  8.2656 -0.8271       0
GRID        2033       0 21.7534 10.2899 -0.8191       0
GRID        2034       0 22.9569  9.6963 -0.8202       0
GRID        2035       0 22.5126 11.6478 -0.8122       0
GRID        2036       0 23.5684 11.1269 -0.8132       0
GRID        2037       0 23.2752 13.0094 -0.8054       0
GRID        2038       0 24.1779 12.5528 -0.8062       0
GRID        2039       0 23.7458 13.8419 -0.8012       0
GRID        2040       0 24.5641 13.4281 -0.8019       0
GRID        2041       0 24.2165 14.6744 -0.7970       0
GRID        2042       0 24.9538 14.3016 -0.7976       0
GRID        2043       0 24.6871 15.5070 -0.7927       0
GRID        2044       0 25.3435 15.1750 -0.7934       0
GRID        2045       0 25.1577 16.3395 -0.7885       0
GRID        2046       0 25.7332 16.0485 -0.7891       0
GRID        2047       0 25.5594 17.0500 -0.7849       0
GRID        2048       0 26.1801 17.0500 -0.7842       0
GRID        2501       0 18.1035 -0.0000 -1.4176       0
GRID        2502       0 18.5383 -1.1642 -1.3021       0
GRID        2503       0 18.9731 -2.3283 -1.1867       0
GRID        2504       0 19.4080 -3.4925 -1.0712       0
GRID        2505       0 19.8428 -4.6567 -0.9558       0
GRID        2506       0 20.2776 -5.8209 -0.8404       0
GRID        2507       0 20.9649 -7.2142 -0.8335       0
GRID        2508       0 21.6521 -8.6075 -0.8265       0
GRID        2509       0 22.3394-10.0008 -0.8196       0
GRID        2510       0 23.0267-11.3941 -0.8127       0
GRID        2511       0 23.7140-12.7875 -0.8058       0
GRID        2512       0 24.1451-13.6400 -0.8015       0
GRID        2513       0 24.5763-14.4925 -0.7973       0
GRID        2514       0 25.0074-15.3450 -0.7930       0
GRID        2515       0 25.4386-16.1975 -0.7888       0
GRID        2516       0 25.8697-17.0500 -0.7845       0
GRID        2517       0 16.3404 -0.0002 -1.4198       0
GRID        2518       0 19.8667  0.0002 -1.4154       0
GRID        2519       0 17.1757 -1.6684 -1.2541       0
GRID        2520       0 20.0186 -0.6165 -1.3543       0
GRID        2521       0 17.7354 -2.7863 -1.1430       0
GRID        2522       0 20.3177 -1.8309 -1.2341       0
GRID        2523       0 18.2952 -3.9042 -1.0320       0
GRID        2524       0 20.6167 -3.0453 -1.1139       0
GRID        2525       0 18.8550 -5.0222 -0.9210       0
GRID        2526       0 20.9158 -4.2597 -0.9936       0
GRID        2527       0 19.4760 -6.2163 -0.8397       0
GRID        2528       0 21.1895 -5.3712 -0.8836       0
GRID        2529       0 20.2351 -7.5741 -0.8328       0
GRID        2530       0 21.7337 -6.8349 -0.8341       0
GRID        2531       0 20.9943 -8.9320 -0.8260       0
GRID        2532       0 22.3453 -8.2656 -0.8271       0
GRID        2533       0 21.7534-10.2899 -0.8191       0
GRID        2534       0 22.9569 -9.6963 -0.8202       0
GRID        2535       0 22.5126-11.6478 -0.8122       0
GRID        2536       0 23.5684-11.1269 -0.8132       0
GRID        2537       0 23.2752-13.0094 -0.8054       0
GRID        2538       0 24.1779-12.5528 -0.8062       0
GRID        2539       0 23.7458-13.8419 -0.8012       0
GRID        2540       0 24.5641-13.4281 -0.8019       0
GRID        2541       0 24.2165-14.6744 -0.7970       0
GRID        2542       0 24.9538-14.3016 -0.7976       0
GRID        2543       0 24.6871-15.5070 -0.7927       0
GRID        2544       0 25.3435-15.1750 -0.7934       0
GRID        2545       0 25.1577-16.3395 -0.7885       0
GRID        2546       0 25.7332-16.0485 -0.7891       0
GRID        2547       0 25.5594-17.0500 -0.7849       0
GRID        2548       0 26.1801-17.0500 -0.7842       0
