$Material for wing 3
MAT1        4001 7.1e+10            0.33    2810
PBAR        4001    4001 6.675-2 4.440-3 3.927-2   0.000 2.185-2   0.000
          0.2827  1.1307 -0.2827  1.1307 -0.2827 -1.1307  0.2827 -1.1307
CBAR        4001    4001    4001    4002 -0.0013 -1.0000  0.0003     GGG
PBAR        4002    4001 5.644-2 2.673-3 2.375-2   0.000 1.321-2   0.000
          0.2394  0.9576 -0.2394  0.9576 -0.2394 -0.9576  0.2394 -0.9576
CBAR        4002    4002    4002    4003 -0.0013 -1.0000  0.0011     GGG
PBAR        4003    4001 5.241-2 2.135-3 1.902-2   0.000 1.058-2   0.000
          0.2225  0.8898 -0.2225  0.8898 -0.2225 -0.8898  0.2225 -0.8898
CBAR        4003    4003    4003    4004 -0.0013 -1.0000  0.0011     GGG
PBAR        4004    4001 4.837-2 1.675-3 1.496-2   0.000 8.316-3   0.000
          0.2055  0.8220 -0.2055  0.8220 -0.2055 -0.8220  0.2055 -0.8220
CBAR        4004    4004    4004    4005 -0.0013 -1.0000  0.0011     GGG
PBAR        4005    4001 4.435-2 1.287-3 1.153-2   0.000 6.410-3   0.000
          0.1886  0.7545 -0.1886  0.7545 -0.1886 -0.7545  0.1886 -0.7545
CBAR        4005    4005    4005    4006 -0.0013 -1.0000  0.0011     GGG
PBAR        4006    4001 4.032-2 9.637-4 8.670-3   0.000 4.817-3   0.000
          0.1717  0.6868 -0.1717  0.6868 -0.1717 -0.6868  0.1717 -0.6868
CBAR        4006    4006    4006    4007 -0.0013 -1.0000  0.0011     GGG
PBAR        4007    4001 3.620-2 6.946-4 6.280-3   0.000 3.487-3   0.000
          0.1544  0.6176 -0.1544  0.6176 -0.1544 -0.6176  0.1544 -0.6176
CBAR        4007    4007    4007    4008 -0.0013 -1.0000  0.0011     GGG
PBAR        4008    4001 3.203-2 4.782-4 4.351-3   0.000 2.414-3   0.000
          0.1369  0.5475 -0.1369  0.5475 -0.1369 -0.5475  0.1369 -0.5475
CBAR        4008    4008    4008    4009 -0.0013 -1.0000  0.0011     GGG
PBAR        4009    4001 2.785-2 3.122-4 2.863-3   0.000 1.588-3   0.000
          0.1193  0.4773 -0.1193  0.4773 -0.1193 -0.4773  0.1193 -0.4773
CBAR        4009    4009    4009    4010 -0.0013 -1.0000  0.0011     GGG
PBAR        4010    4001 2.583-2 2.479-4 2.285-3   0.000 1.267-3   0.000
          0.1108  0.4434 -0.1108  0.4434 -0.1108 -0.4434  0.1108 -0.4434
CBAR        4010    4010    4010    4011 -0.0013 -1.0000  0.0011     GGG
$Set Grid Wing
SET1        4001    4001    4002    4003    4004    4005    4006    4007
            4008    4009    4010    4011
$Wing's Wing CBAR elem IDs 
SET1        4002    4001    4002    4003    4004    4005    4006    4007
            4008    4009    4010
RBE0        4001    4001    4011    4012    4013
RBE0        4002    4002    4013    4014    4015
RBE0        4003    4003    4015    4016    4017
RBE0        4004    4004    4017    4018    4019
RBE0        4005    4005    4019    4020    4021
RBE0        4006    4006    4021    4022    4023
RBE0        4007    4007    4023    4024    4025
RBE0        4008    4008    4025    4026    4027
RBE0        4009    4009    4027    4028    4029
RBE0        4010    4010    4029    4030    4031
RBE0        4011    4011    4031    4032    4033
$Wing Grid
GRID        4001       0 38.8155 -0.0032  1.7254       0
GRID        4002       0 39.2751 -0.0030  2.4137       0
GRID        4003       0 39.7347 -0.0028  3.1020       0
GRID        4004       0 40.1942 -0.0026  3.7903       0
GRID        4005       0 40.6538 -0.0024  4.4786       0
GRID        4006       0 41.1134 -0.0022  5.1669       0
GRID        4007       0 41.5679 -0.0020  5.8552       0
GRID        4008       0 42.0224 -0.0018  6.5435       0
GRID        4009       0 42.4770 -0.0015  7.2318       0
GRID        4010       0 42.9315 -0.0013  7.9201       0
GRID        4011       0 43.3860 -0.0011  8.6084       0
GRID        4012       0 37.5455 -0.0016  1.7254       0
GRID        4013       0 40.0854 -0.0048  1.7254       0
GRID        4014       0 38.4955 -0.0014  2.9343       0
GRID        4015       0 40.1446 -0.0048  1.8331       0
GRID        4016       0 39.0084 -0.0013  3.5870       0
GRID        4017       0 40.5447 -0.0044  2.5611       0
GRID        4018       0 39.5213 -0.0012  4.2397       0
GRID        4019       0 40.9449 -0.0041  3.2891       0
GRID        4020       0 40.0342 -0.0011  4.8924       0
GRID        4021       0 41.3450 -0.0038  4.0171       0
GRID        4022       0 40.5440 -0.0010  5.5429       0
GRID        4023       0 41.7470 -0.0035  4.7485       0
GRID        4024       0 41.0538 -0.0009  6.1947       0
GRID        4025       0 42.1431 -0.0031  5.4754       0
GRID        4026       0 41.5635 -0.0008  6.8465       0
GRID        4027       0 42.5358 -0.0028  6.2045       0
GRID        4028       0 42.0733 -0.0007  7.4983       0
GRID        4029       0 42.9285 -0.0025  6.9336       0
GRID        4030       0 42.5831 -0.0006  8.1501       0
GRID        4031       0 43.3212 -0.0021  7.6627       0
GRID        4032       0 42.9415 -0.0006  8.6084       0
GRID        4033       0 43.8305 -0.0017  8.6084       0
