$Material for wing 1
MAT1        1001 7.1e+10            0.33    2810
PBAR        1001    1001 4.939-3 3.212-3 3.217-3   0.000 3.215-3   0.000
          0.9878  0.0000  0.0000  0.9889 -0.9878  0.0000  0.0000 -0.9889
CBAR        1001    1001    1001    1002 -0.0005  1.0000  0.0031     GGG
PBAR        1002    1001 9.837-3 2.537-2 2.541-2   0.000 2.539-2   0.000
          1.9671  0.0000  0.0000  1.9689 -1.9671  0.0000  0.0000 -1.9689
CBAR        1002    1002    1002    1003 -0.0000  0.9992  0.0403     GGG
PBAR        1003    1001 9.868-3 2.562-2 2.565-2   0.000 2.563-2   0.000
          1.9734  0.0000  0.0000  1.9750 -1.9734  0.0000  0.0000 -1.9750
CBAR        1003    1003    1003    1004 -0.0000  0.9992  0.0403     GGG
PBAR        1004    1001 9.868-3 2.562-2 2.565-2   0.000 2.563-2   0.000
          1.9734  0.0000  0.0000  1.9750 -1.9734  0.0000  0.0000 -1.9750
CBAR        1004    1004    1004    1005 -0.0000  0.9992  0.0403     GGG
PBAR        1005    1001 9.868-3 2.562-2 2.565-2   0.000 2.563-2   0.000
          1.9734  0.0000  0.0000  1.9750 -1.9734  0.0000  0.0000 -1.9750
CBAR        1005    1005    1005    1006 -0.0000  0.9992  0.0403     GGG
PBAR        1006    1001 9.868-3 2.562-2 2.565-2   0.000 2.563-2   0.000
          1.9734  0.0000  0.0000  1.9750 -1.9734  0.0000  0.0000 -1.9750
CBAR        1006    1006    1006    1007 -0.0000  0.9992  0.0403     GGG
PBAR        1007    1001 9.878-3 2.573-2 2.569-2   0.000 2.571-2   0.000
          1.9773  0.0000  0.0000  1.9750 -1.9773  0.0000  0.0000 -1.9750
CBAR        1007    1007    1007    1008 -0.0000  0.9992  0.0403     GGG
PBAR        1008    1001 8.493-3 1.632-2 1.636-2   0.000 1.634-2   0.000
          1.6980  0.0000  0.0000  1.7002 -1.6980  0.0000  0.0000 -1.7002
CBAR        1008    1008    1008    1009 -0.0035  0.9992  0.0400     GGG
PBAR        1009    1001 5.151-3 3.663-3 3.629-3   0.000 3.646-3   0.000
          1.0339  0.0000  0.0000  1.0276 -1.0339  0.0000  0.0000 -1.0276
CBAR        1009    1009    1009    1010 -0.0050  0.9992  0.0392     GGG
PBAR        1010    1001 2.009-3 2.211-4 2.118-4   0.000 2.164-4   0.000
          0.4080  0.0000  0.0000  0.3965 -0.4080  0.0000  0.0000 -0.3965
CBAR        1010    1010    1010    1011  0.0068  0.9992  0.0389     GGG
$Set Grid Wing
SET1        1001    1001    1002    1003    1004    1005    1006    1007
            1008    1009    1010    1011
$Wing's Wing CBAR elem IDs 
SET1        1002    1001    1002    1003    1004    1005    1006    1007
            1008    1009    1010
RBE0        1001    1001    1012    1013    1014    1015
RBE0        1002    1002    1016    1017    1018    1019
RBE0        1003    1003    1020    1021    1022    1023
RBE0        1004    1004    1024    1025    1026    1027
RBE0        1005    1005    1028    1029    1030    1031
RBE0        1006    1006    1032    1033    1034    1035
RBE0        1007    1007    1036    1037    1038    1039
RBE0        1008    1008    1040    1041    1042    1043
RBE0        1009    1009    1044    1045    1046    1047
RBE0        1010    1010    1048    1049    1050    1051
RBE0        1011    1011    1052    1053    1054    1055
$Wing Grid
GRID        1001       0  0.0000  0.0000 -0.8252       0
GRID        1002       0  4.4510  0.0000 -0.0842       0
GRID        1003       0  8.9020  0.0000 -0.0795       0
GRID        1004       0 13.3530  0.0000 -0.0795       0
GRID        1005       0 17.8040  0.0000 -0.0795       0
GRID        1006       0 22.2550  0.0000 -0.0795       0
GRID        1007       0 26.7059  0.0000 -0.0795       0
GRID        1008       0 31.1569  0.0000 -0.0795       0
GRID        1009       0 35.6079  0.0000  0.3155       0
GRID        1010       0 40.0589  0.0000  0.8847       0
GRID        1011       0 44.5099  0.0000  0.1106       0
GRID        1012       0  0.0000 -0.0150 -0.8252       0
GRID        1013       0 -0.0000  0.0150 -0.8252       0
GRID        1014       0 -0.0023  0.0000 -0.8116       0
GRID        1015       0  0.0026  0.0001 -0.8408       0
GRID        1016       0  4.4508 -1.9611  0.0739       0
GRID        1017       0  4.4510  1.9612 -0.0842       0
GRID        1018       0  4.4489  0.0000  1.9563       0
GRID        1019       0  4.4530  0.1580 -1.9621       0
GRID        1020       0  8.9020 -1.9734  0.0795       0
GRID        1021       0  8.9020  1.9734 -0.0795       0
GRID        1022       0  8.9020  0.0000  1.9750       0
GRID        1023       0  8.9020  0.1589 -1.9686       0
GRID        1024       0 13.3530 -1.9734  0.0795       0
GRID        1025       0 13.3530  1.9734 -0.0795       0
GRID        1026       0 13.3530  0.0000  1.9750       0
GRID        1027       0 13.3530  0.1589 -1.9686       0
GRID        1028       0 17.8040 -1.9734  0.0795       0
GRID        1029       0 17.8040  1.9734 -0.0795       0
GRID        1030       0 17.8040  0.0000  1.9750       0
GRID        1031       0 17.8040  0.1589 -1.9686       0
GRID        1032       0 22.2550 -1.9734  0.0795       0
GRID        1033       0 22.2550  1.9734 -0.0795       0
GRID        1034       0 22.2550  0.0000  1.9750       0
GRID        1035       0 22.2550  0.1589 -1.9686       0
GRID        1036       0 26.7059 -1.9734  0.0795       0
GRID        1037       0 26.7059  1.9734 -0.0795       0
GRID        1038       0 26.7059  0.0000  1.9750       0
GRID        1039       0 26.7059  0.1589 -1.9686       0
GRID        1040       0 31.1428 -1.9734  0.0795       0
GRID        1041       0 31.1569  1.9734 -0.0795       0
GRID        1042       0 30.9746  0.0000  1.9750       0
GRID        1043       0 31.3246  0.1589 -1.9686       0
GRID        1044       0 35.5935 -1.4256  0.4282       0
GRID        1045       0 35.6079  1.4230  0.3155       0
GRID        1046       0 35.4171  0.0000  1.8079       0
GRID        1047       0 35.7758  0.1118 -0.9968       0
GRID        1048       0 40.0678 -0.6283  0.9357       0
GRID        1049       0 40.0589  0.6299  0.8847       0
GRID        1050       0 40.1718  0.0000  1.5336       0
GRID        1051       0 39.9482  0.0515  0.2483       0
GRID        1052       0 44.5099  0.1632  1.4395       0
GRID        1053       0 44.5099 -0.1632  1.4540       0
GRID        1054       0 44.5099  0.0000  1.2834       0
GRID        1055       0 44.5099 -0.0145  1.6095       0
