$Material for wing 3
MAT1        30017.100+10          0.3300    2810
PBAR        3001    3001 4.383-2 1.159-3 1.159-3 0.000+0 1.159-3   0.000
          0.2125  0.0000  0.0000  0.2125 -0.2125  0.0000  0.0000 -0.2125
CBAR        3001    3001    3001    3002 -0.0000  1.0000 -0.0000     GGG
PBAR        3002    3001 7.966-2 6.940-3 6.940-3 0.000+0 6.940-3   0.000
          0.3750  0.0000  0.0000  0.3750 -0.3750  0.0000  0.0000 -0.3750
CBAR        3002    3002    3002    3003 -0.0000  1.0000 -0.0000     GGG
PBAR        3003    3001 7.966-2 6.940-3 6.940-3 0.000+0 6.940-3   0.000
          0.3750  0.0000  0.0000  0.3750 -0.3750  0.0000  0.0000 -0.3750
CBAR        3003    3003    3003    3004 -0.0000  1.0000 -0.0000     GGG
PBAR        3004    3001 4.658-2 1.391-3 1.391-3 0.000+0 1.391-3   0.000
          0.2250  0.0000  0.0000  0.2250 -0.2250  0.0000  0.0000 -0.2250
CBAR        3004    3004    3004    3005 -0.0000  1.0000 -0.0000     GGG
$Set Grid Wing
SET1        3001    3001    3002    3003    3004    3005
$Wing's Wing CBAR elem IDs 
SET1        3002    3001    3002    3003    3004
RBE0        3001    3001    3006    3007    3008    3009
RBE0        3002    3002    3010    3011    3012    3013
RBE0        3003    3003    3014    3015    3016    3017
RBE0        3004    3004    3018    3019    3020    3021
RBE0        3005    3005    3022    3023    3024    3025
$Wing Grid
GRID        3001       0 22.5000 13.0000 -1.7000       0
GRID        3002       0 23.9250 13.0000 -1.7000       0
GRID        3003       0 25.3500 13.0000 -1.7000       0
GRID        3004       0 26.7750 13.0000 -1.7000       0
GRID        3005       0 28.2000 13.0000 -1.7000       0
GRID        3006       0 22.5000 12.9500 -1.7000       0
GRID        3007       0 22.5000 13.0500 -1.7000       0
GRID        3008       0 22.5000 13.0000 -1.6500       0
GRID        3009       0 22.5000 13.0000 -1.7500       0
GRID        3010       0 23.9250 12.6250 -1.7000       0
GRID        3011       0 23.9250 13.3750 -1.7000       0
GRID        3012       0 23.9250 13.0000 -1.3250       0
GRID        3013       0 23.9250 13.0000 -2.0750       0
GRID        3014       0 25.3500 12.6250 -1.7000       0
GRID        3015       0 25.3500 13.3750 -1.7000       0
GRID        3016       0 25.3500 13.0000 -1.3250       0
GRID        3017       0 25.3500 13.0000 -2.0750       0
GRID        3018       0 26.7750 12.6250 -1.7000       0
GRID        3019       0 26.7750 13.3750 -1.7000       0
GRID        3020       0 26.7750 13.0000 -1.3250       0
GRID        3021       0 26.7750 13.0000 -2.0750       0
GRID        3022       0 28.2000 12.9250 -1.7000       0
GRID        3023       0 28.2000 13.0750 -1.7000       0
GRID        3024       0 28.2000 13.0000 -1.6250       0
GRID        3025       0 28.2000 13.0000 -1.7750       0
PBAR        3501    3001 4.383-2 1.159-3 1.159-3 0.000+0 1.159-3   0.000
          0.2125  0.0000  0.0000  0.2125 -0.2125  0.0000  0.0000 -0.2125
CBAR        3501    3501    3501    3502 -0.0000  1.0000 -0.0000     GGG
PBAR        3502    3001 7.966-2 6.940-3 6.940-3 0.000+0 6.940-3   0.000
          0.3750  0.0000  0.0000  0.3750 -0.3750  0.0000  0.0000 -0.3750
CBAR        3502    3502    3502    3503 -0.0000  1.0000 -0.0000     GGG
PBAR        3503    3001 7.966-2 6.940-3 6.940-3 0.000+0 6.940-3   0.000
          0.3750  0.0000  0.0000  0.3750 -0.3750  0.0000  0.0000 -0.3750
CBAR        3503    3503    3503    3504 -0.0000  1.0000 -0.0000     GGG
PBAR        3504    3001 4.658-2 1.391-3 1.391-3 0.000+0 1.391-3   0.000
          0.2250  0.0000  0.0000  0.2250 -0.2250  0.0000  0.0000 -0.2250
CBAR        3504    3504    3504    3505 -0.0000  1.0000 -0.0000     GGG
$Set Grid Wing
SET1        3501    3501    3502    3503    3504    3505
$Wing's Wing CBAR elem IDs 
SET1        3502    3501    3502    3503    3504
RBE0        3501    3501    3506    3507    3508    3509
RBE0        3502    3502    3510    3511    3512    3513
RBE0        3503    3503    3514    3515    3516    3517
RBE0        3504    3504    3518    3519    3520    3521
RBE0        3505    3505    3522    3523    3524    3525
$Wing Grid
GRID        3001       0 22.5000 13.0000 -1.7000       0
GRID        3002       0 23.9250 13.0000 -1.7000       0
GRID        3003       0 25.3500 13.0000 -1.7000       0
GRID        3004       0 26.7750 13.0000 -1.7000       0
GRID        3005       0 28.2000 13.0000 -1.7000       0
GRID        3006       0 22.5000 12.9500 -1.7000       0
GRID        3007       0 22.5000 13.0500 -1.7000       0
GRID        3008       0 22.5000 13.0000 -1.6500       0
GRID        3009       0 22.5000 13.0000 -1.7500       0
GRID        3010       0 23.9250 12.6250 -1.7000       0
GRID        3011       0 23.9250 13.3750 -1.7000       0
GRID        3012       0 23.9250 13.0000 -1.3250       0
GRID        3013       0 23.9250 13.0000 -2.0750       0
GRID        3014       0 25.3500 12.6250 -1.7000       0
GRID        3015       0 25.3500 13.3750 -1.7000       0
GRID        3016       0 25.3500 13.0000 -1.3250       0
GRID        3017       0 25.3500 13.0000 -2.0750       0
GRID        3018       0 26.7750 12.6250 -1.7000       0
GRID        3019       0 26.7750 13.3750 -1.7000       0
GRID        3020       0 26.7750 13.0000 -1.3250       0
GRID        3021       0 26.7750 13.0000 -2.0750       0
GRID        3022       0 28.2000 12.9250 -1.7000       0
GRID        3023       0 28.2000 13.0750 -1.7000       0
GRID        3024       0 28.2000 13.0000 -1.6250       0
GRID        3025       0 28.2000 13.0000 -1.7750       0
GRID        3501       0 22.5000-13.0000 -1.7000       0
GRID        3502       0 23.9250-13.0000 -1.7000       0
GRID        3503       0 25.3500-13.0000 -1.7000       0
GRID        3504       0 26.7750-13.0000 -1.7000       0
GRID        3505       0 28.2000-13.0000 -1.7000       0
GRID        3506       0 22.5000-12.9500 -1.7000       0
GRID        3507       0 22.5000-13.0500 -1.7000       0
GRID        3508       0 22.5000-13.0000 -1.6500       0
GRID        3509       0 22.5000-13.0000 -1.7500       0
GRID        3510       0 23.9250-12.6250 -1.7000       0
GRID        3511       0 23.9250-13.3750 -1.7000       0
GRID        3512       0 23.9250-13.0000 -1.3250       0
GRID        3513       0 23.9250-13.0000 -2.0750       0
GRID        3514       0 25.3500-12.6250 -1.7000       0
GRID        3515       0 25.3500-13.3750 -1.7000       0
GRID        3516       0 25.3500-13.0000 -1.3250       0
GRID        3517       0 25.3500-13.0000 -2.0750       0
GRID        3518       0 26.7750-12.6250 -1.7000       0
GRID        3519       0 26.7750-13.3750 -1.7000       0
GRID        3520       0 26.7750-13.0000 -1.3250       0
GRID        3521       0 26.7750-13.0000 -2.0750       0
GRID        3522       0 28.2000-12.9250 -1.7000       0
GRID        3523       0 28.2000-13.0750 -1.7000       0
GRID        3524       0 28.2000-13.0000 -1.6250       0
GRID        3525       0 28.2000-13.0000 -1.7750       0
