$-------2-------3-------4-------5-------6-------7-------8-------9-------10
Wing 4 
$-------2-------3-------4-------5-------6-------7-------8-------9-------10
$Section 1
CAERO1  5101    5.0000  0       3       4       0012    0012    1       
        4.4510  0.0000  0.0000  3.6629  2.9876  0.6400  36.0831 0.0722  0.0722  
SPLINE1     5101    5101       1      12    5101
SET1        5101    5001    5002    5003    5004    5005    5006
$-------2-------3-------4-------5-------6-------7-------8-------9-------10
$Section 2
CAERO1  5102    5.0000  0       3       4       0012    0012    1       
        6.9579  2.9763  0.2604  2.3443  2.9876  0.5156  36.6523 0.0722  0.0722  
SPLINE1     5102    5102       1      12    5102
SET1        5102    5006    5007    5008    5009    5010    5011
$-------2-------3-------4-------5-------6-------7-------8-------9-------10
Symmetry of Wing 4 
$-------2-------3-------4-------5-------6-------7-------8-------9-------10
$Section 1
CAERO1  5601    175.00000       3       4       0012    0012    1       
        4.4510  -0.0000 0.0000  3.6629  2.9876  0.6400  36.0831 -0.0722 -0.0722 
SPLINE1     5601    5601       1      12    5601
SET1        5601    5501    5502    5503    5504    5505    5506
$-------2-------3-------4-------5-------6-------7-------8-------9-------10
$Section 2
CAERO1  5602    175.00000       3       4       0012    0012    1       
        6.9579  -2.9763 0.2604  2.3443  2.9876  0.5156  36.6523 -0.0722 -0.0722 
SPLINE1     5602    5602       1      12    5602
SET1        5602    5506    5507    5508    5509    5510    5511
