$Material for wing 5
MAT1        6001 7.1e+10            0.33    2810
PBAR        6001    6001 3.999-2 8.502-4 7.686-3   0.000 4.268-3   0.000
          0.1625  0.6501 -0.1625  0.6501 -0.1625 -0.6501  0.1625 -0.6501
CBAR        6001    6001    6001    6002 -0.0013 -0.0869  0.9962     GGG
PBAR        6002    6001 3.346-2 4.940-4 4.508-3   0.000 2.501-3   0.000
          0.1364  0.5456 -0.1364  0.5456 -0.1364 -0.5456  0.1364 -0.5456
CBAR        6002    6002    6002    6003 -0.0013 -0.0861  0.9963     GGG
PBAR        6003    6001 3.071-2 3.802-4 3.487-3   0.000 1.934-3   0.000
          0.1254  0.5016 -0.1254  0.5016 -0.1254 -0.5016  0.1254 -0.5016
CBAR        6003    6003    6003    6004 -0.0013 -0.0861  0.9963     GGG
PBAR        6004    6001 2.796-2 2.853-4 2.633-3   0.000 1.459-3   0.000
          0.1144  0.4575 -0.1144  0.4575 -0.1144 -0.4575  0.1144 -0.4575
CBAR        6004    6004    6004    6005 -0.0013 -0.0861  0.9963     GGG
PBAR        6005    6001 2.518-2 2.070-4 1.925-3   0.000 1.066-3   0.000
          0.1033  0.4130 -0.1033  0.4130 -0.1033 -0.4130  0.1033 -0.4130
CBAR        6005    6005    6005    6006 -0.0013 -0.0861  0.9963     GGG
PBAR        6006    6001 2.249-2 1.463-4 1.373-3   0.000 7.595-4   0.000
          0.0925  0.3700 -0.0925  0.3700 -0.0925 -0.3700  0.0925 -0.3700
CBAR        6006    6006    6006    6007 -0.0013 -0.0861  0.9963     GGG
PBAR        6007    6001 2.004-2 1.025-4 9.717-4   0.000 5.371-4   0.000
          0.0827  0.3307 -0.0827  0.3307 -0.0827 -0.3307  0.0827 -0.3307
CBAR        6007    6007    6007    6008 -0.0013 -0.0861  0.9963     GGG
PBAR        6008    6001 1.769-2 6.982-5 6.702-4   0.000 3.700-4   0.000
          0.0733  0.2932 -0.0733  0.2932 -0.0733 -0.2932  0.0733 -0.2932
CBAR        6008    6008    6008    6009 -0.0013 -0.0861  0.9963     GGG
PBAR        6009    6001 1.535-2 4.496-5 4.386-4   0.000 2.418-4   0.000
          0.0639  0.2557 -0.0639  0.2557 -0.0639 -0.2557  0.0639 -0.2557
CBAR        6009    6009    6009    6010 -0.0013 -0.0861  0.9963     GGG
PBAR        6010    6001 1.433-2 3.629-5 3.571-4   0.000 1.967-4   0.000
          0.0598  0.2394 -0.0598  0.2394 -0.0598 -0.2394  0.0598 -0.2394
CBAR        6010    6010    6010    6011 -0.0013 -0.0861  0.9963     GGG
$Set Grid Wing
SET1        6001    6001    6002    6003    6004    6005    6006    6007
            6008    6009    6010    6011
$Wing's Wing CBAR elem IDs 
SET1        6002    6001    6002    6003    6004    6005    6006    6007
            6008    6009    6010
RBE0        6001    6001    6011    6012    6013
RBE0        6002    6002    6013    6014    6015
RBE0        6003    6003    6015    6016    6017
RBE0        6004    6004    6017    6018    6019
RBE0        6005    6005    6019    6020    6021
RBE0        6006    6006    6021    6022    6023
RBE0        6007    6007    6023    6024    6025
RBE0        6008    6008    6025    6026    6027
RBE0        6009    6009    6027    6028    6029
RBE0        6010    6010    6029    6030    6031
RBE0        6011    6011    6031    6032    6033
$Wing Grid
GRID        6001       0  5.9162  0.0000  0.0018       0
GRID        6002       0  6.3121  0.5953  0.0538       0
GRID        6003       0  6.7080  1.1905  0.1057       0
GRID        6004       0  7.1039  1.7858  0.1577       0
GRID        6005       0  7.4998  2.3810  0.2096       0
GRID        6006       0  7.8957  2.9763  0.2616       0
GRID        6007       0  8.3062  3.5715  0.3135       0
GRID        6008       0  8.7168  4.1668  0.3655       0
GRID        6009       0  9.1273  4.7620  0.4175       0
GRID        6010       0  9.5378  5.3573  0.4694       0
GRID        6011       0  9.9484  5.9526  0.5214       0
GRID        6012       0  5.1836  0.0001  0.0009       0
GRID        6013       0  6.6487 -0.0001  0.0028       0
GRID        6014       0  5.8581  0.8950  0.0791       0
GRID        6015       0  6.8045  0.2702  0.0263       0
GRID        6016       0  6.2892  1.4670  0.1291       0
GRID        6017       0  7.1622  0.8906  0.0804       0
GRID        6018       0  6.7203  2.0390  0.1791       0
GRID        6019       0  7.5199  1.5111  0.1345       0
GRID        6020       0  7.1515  2.6110  0.2291       0
GRID        6021       0  7.8776  2.1316  0.1885       0
GRID        6022       0  7.5881  3.1869  0.2794       0
GRID        6023       0  8.2318  2.7461  0.2421       0
GRID        6024       0  8.0284  3.7617  0.3296       0
GRID        6025       0  8.6044  3.3674  0.2963       0
GRID        6026       0  8.4688  4.3366  0.3799       0
GRID        6027       0  8.9830  3.9845  0.3501       0
GRID        6028       0  8.9091  4.9114  0.4301       0
GRID        6029       0  9.3615  4.6017  0.4039       0
GRID        6030       0  9.3495  5.4863  0.4803       0
GRID        6031       0  9.7401  5.2188  0.4577       0
GRID        6032       0  9.7067  5.9526  0.5211       0
GRID        6033       0 10.1901  5.9525  0.5217       0
PBAR        6501    6001 3.999-2 8.502-4 7.686-3   0.000 4.268-3   0.000
          0.1625  0.6501 -0.1625  0.6501 -0.1625 -0.6501  0.1625 -0.6501
CBAR        6501    6501    6501    6502  0.0013 -0.0869 -0.9962     GGG
PBAR        6502    6001 3.346-2 4.940-4 4.508-3   0.000 2.501-3   0.000
          0.1364  0.5456 -0.1364  0.5456 -0.1364 -0.5456  0.1364 -0.5456
CBAR        6502    6502    6502    6503  0.0013 -0.0861 -0.9963     GGG
PBAR        6503    6001 3.071-2 3.802-4 3.487-3   0.000 1.934-3   0.000
          0.1254  0.5016 -0.1254  0.5016 -0.1254 -0.5016  0.1254 -0.5016
CBAR        6503    6503    6503    6504  0.0013 -0.0861 -0.9963     GGG
PBAR        6504    6001 2.796-2 2.853-4 2.633-3   0.000 1.459-3   0.000
          0.1144  0.4575 -0.1144  0.4575 -0.1144 -0.4575  0.1144 -0.4575
CBAR        6504    6504    6504    6505  0.0013 -0.0861 -0.9963     GGG
PBAR        6505    6001 2.518-2 2.070-4 1.925-3   0.000 1.066-3   0.000
          0.1033  0.4130 -0.1033  0.4130 -0.1033 -0.4130  0.1033 -0.4130
CBAR        6505    6505    6505    6506  0.0013 -0.0861 -0.9963     GGG
PBAR        6506    6001 2.249-2 1.463-4 1.373-3   0.000 7.595-4   0.000
          0.0925  0.3700 -0.0925  0.3700 -0.0925 -0.3700  0.0925 -0.3700
CBAR        6506    6506    6506    6507  0.0013 -0.0861 -0.9963     GGG
PBAR        6507    6001 2.004-2 1.025-4 9.717-4   0.000 5.371-4   0.000
          0.0827  0.3307 -0.0827  0.3307 -0.0827 -0.3307  0.0827 -0.3307
CBAR        6507    6507    6507    6508  0.0013 -0.0861 -0.9963     GGG
PBAR        6508    6001 1.769-2 6.982-5 6.702-4   0.000 3.700-4   0.000
          0.0733  0.2932 -0.0733  0.2932 -0.0733 -0.2932  0.0733 -0.2932
CBAR        6508    6508    6508    6509  0.0013 -0.0861 -0.9963     GGG
PBAR        6509    6001 1.535-2 4.496-5 4.386-4   0.000 2.418-4   0.000
          0.0639  0.2557 -0.0639  0.2557 -0.0639 -0.2557  0.0639 -0.2557
CBAR        6509    6509    6509    6510  0.0013 -0.0861 -0.9963     GGG
PBAR        6510    6001 1.433-2 3.629-5 3.571-4   0.000 1.967-4   0.000
          0.0598  0.2394 -0.0598  0.2394 -0.0598 -0.2394  0.0598 -0.2394
CBAR        6510    6510    6510    6511  0.0013 -0.0861 -0.9963     GGG
$Set Grid Wing
SET1        6501    6501    6502    6503    6504    6505    6506    6507
            6508    6509    6510    6511
$Wing's Wing CBAR elem IDs 
SET1        6502    6501    6502    6503    6504    6505    6506    6507
            6508    6509    6510
RBE0        6501    6501    6511    6512    6513
RBE0        6502    6502    6513    6514    6515
RBE0        6503    6503    6515    6516    6517
RBE0        6504    6504    6517    6518    6519
RBE0        6505    6505    6519    6520    6521
RBE0        6506    6506    6521    6522    6523
RBE0        6507    6507    6523    6524    6525
RBE0        6508    6508    6525    6526    6527
RBE0        6509    6509    6527    6528    6529
RBE0        6510    6510    6529    6530    6531
RBE0        6511    6511    6531    6532    6533
$Wing Grid
GRID        6001       0  5.9162  0.0000  0.0018       0
GRID        6002       0  6.3121  0.5953  0.0538       0
GRID        6003       0  6.7080  1.1905  0.1057       0
GRID        6004       0  7.1039  1.7858  0.1577       0
GRID        6005       0  7.4998  2.3810  0.2096       0
GRID        6006       0  7.8957  2.9763  0.2616       0
GRID        6007       0  8.3062  3.5715  0.3135       0
GRID        6008       0  8.7168  4.1668  0.3655       0
GRID        6009       0  9.1273  4.7620  0.4175       0
GRID        6010       0  9.5378  5.3573  0.4694       0
GRID        6011       0  9.9484  5.9526  0.5214       0
GRID        6012       0  5.1836  0.0001  0.0009       0
GRID        6013       0  6.6487 -0.0001  0.0028       0
GRID        6014       0  5.8581  0.8950  0.0791       0
GRID        6015       0  6.8045  0.2702  0.0263       0
GRID        6016       0  6.2892  1.4670  0.1291       0
GRID        6017       0  7.1622  0.8906  0.0804       0
GRID        6018       0  6.7203  2.0390  0.1791       0
GRID        6019       0  7.5199  1.5111  0.1345       0
GRID        6020       0  7.1515  2.6110  0.2291       0
GRID        6021       0  7.8776  2.1316  0.1885       0
GRID        6022       0  7.5881  3.1869  0.2794       0
GRID        6023       0  8.2318  2.7461  0.2421       0
GRID        6024       0  8.0284  3.7617  0.3296       0
GRID        6025       0  8.6044  3.3674  0.2963       0
GRID        6026       0  8.4688  4.3366  0.3799       0
GRID        6027       0  8.9830  3.9845  0.3501       0
GRID        6028       0  8.9091  4.9114  0.4301       0
GRID        6029       0  9.3615  4.6017  0.4039       0
GRID        6030       0  9.3495  5.4863  0.4803       0
GRID        6031       0  9.7401  5.2188  0.4577       0
GRID        6032       0  9.7067  5.9526  0.5211       0
GRID        6033       0 10.1901  5.9525  0.5217       0
GRID        6501       0  5.9162 -0.0000  0.0018       0
GRID        6502       0  6.3121 -0.5953  0.0538       0
GRID        6503       0  6.7080 -1.1905  0.1057       0
GRID        6504       0  7.1039 -1.7858  0.1577       0
GRID        6505       0  7.4998 -2.3810  0.2096       0
GRID        6506       0  7.8957 -2.9763  0.2616       0
GRID        6507       0  8.3062 -3.5715  0.3135       0
GRID        6508       0  8.7168 -4.1668  0.3655       0
GRID        6509       0  9.1273 -4.7620  0.4175       0
GRID        6510       0  9.5378 -5.3573  0.4694       0
GRID        6511       0  9.9484 -5.9526  0.5214       0
GRID        6512       0  5.1836 -0.0001  0.0009       0
GRID        6513       0  6.6487  0.0001  0.0028       0
GRID        6514       0  5.8581 -0.8950  0.0791       0
GRID        6515       0  6.8045 -0.2702  0.0263       0
GRID        6516       0  6.2892 -1.4670  0.1291       0
GRID        6517       0  7.1622 -0.8906  0.0804       0
GRID        6518       0  6.7203 -2.0390  0.1791       0
GRID        6519       0  7.5199 -1.5111  0.1345       0
GRID        6520       0  7.1515 -2.6110  0.2291       0
GRID        6521       0  7.8776 -2.1316  0.1885       0
GRID        6522       0  7.5881 -3.1869  0.2794       0
GRID        6523       0  8.2318 -2.7461  0.2421       0
GRID        6524       0  8.0284 -3.7617  0.3296       0
GRID        6525       0  8.6044 -3.3674  0.2963       0
GRID        6526       0  8.4688 -4.3366  0.3799       0
GRID        6527       0  8.9830 -3.9845  0.3501       0
GRID        6528       0  8.9091 -4.9114  0.4301       0
GRID        6529       0  9.3615 -4.6017  0.4039       0
GRID        6530       0  9.3495 -5.4863  0.4803       0
GRID        6531       0  9.7401 -5.2188  0.4577       0
GRID        6532       0  9.7067 -5.9526  0.5211       0
GRID        6533       0 10.1901 -5.9525  0.5217       0
