$Material for wing 4
MAT1        5001 7.1e+10            0.33    2810
PBAR        5001    5001 3.999-2 8.502-4 7.686-3   0.000 4.268-3   0.000
          0.1625  0.6501 -0.1625  0.6501 -0.1625 -0.6501  0.1625 -0.6501
CBAR        5001    5001    5001    5002 -0.0013 -0.0869  0.9962     GGG
PBAR        5002    5001 3.346-2 4.940-4 4.508-3   0.000 2.501-3   0.000
          0.1364  0.5456 -0.1364  0.5456 -0.1364 -0.5456  0.1364 -0.5456
CBAR        5002    5002    5002    5003 -0.0013 -0.0861  0.9963     GGG
PBAR        5003    5001 3.071-2 3.802-4 3.487-3   0.000 1.934-3   0.000
          0.1254  0.5016 -0.1254  0.5016 -0.1254 -0.5016  0.1254 -0.5016
CBAR        5003    5003    5003    5004 -0.0013 -0.0861  0.9963     GGG
PBAR        5004    5001 2.796-2 2.853-4 2.633-3   0.000 1.459-3   0.000
          0.1144  0.4575 -0.1144  0.4575 -0.1144 -0.4575  0.1144 -0.4575
CBAR        5004    5004    5004    5005 -0.0013 -0.0861  0.9963     GGG
PBAR        5005    5001 2.518-2 2.070-4 1.925-3   0.000 1.066-3   0.000
          0.1033  0.4130 -0.1033  0.4130 -0.1033 -0.4130  0.1033 -0.4130
CBAR        5005    5005    5005    5006 -0.0013 -0.0861  0.9963     GGG
PBAR        5006    5001 2.249-2 1.463-4 1.373-3   0.000 7.595-4   0.000
          0.0925  0.3700 -0.0925  0.3700 -0.0925 -0.3700  0.0925 -0.3700
CBAR        5006    5006    5006    5007 -0.0013 -0.0861  0.9963     GGG
PBAR        5007    5001 2.004-2 1.025-4 9.717-4   0.000 5.371-4   0.000
          0.0827  0.3307 -0.0827  0.3307 -0.0827 -0.3307  0.0827 -0.3307
CBAR        5007    5007    5007    5008 -0.0013 -0.0861  0.9963     GGG
PBAR        5008    5001 1.769-2 6.982-5 6.702-4   0.000 3.700-4   0.000
          0.0733  0.2932 -0.0733  0.2932 -0.0733 -0.2932  0.0733 -0.2932
CBAR        5008    5008    5008    5009 -0.0013 -0.0861  0.9963     GGG
PBAR        5009    5001 1.535-2 4.496-5 4.386-4   0.000 2.418-4   0.000
          0.0639  0.2557 -0.0639  0.2557 -0.0639 -0.2557  0.0639 -0.2557
CBAR        5009    5009    5009    5010 -0.0013 -0.0861  0.9963     GGG
PBAR        5010    5001 1.433-2 3.629-5 3.571-4   0.000 1.967-4   0.000
          0.0598  0.2394 -0.0598  0.2394 -0.0598 -0.2394  0.0598 -0.2394
CBAR        5010    5010    5010    5011 -0.0013 -0.0861  0.9963     GGG
$Set Grid Wing
SET1        5001    5001    5002    5003    5004    5005    5006    5007
            5008    5009    5010    5011
$Wing's Wing CBAR elem IDs 
SET1        5002    5001    5002    5003    5004    5005    5006    5007
            5008    5009    5010
RBE0        5001    5001    5011    5012    5013
RBE0        5002    5002    5013    5014    5015
RBE0        5003    5003    5015    5016    5017
RBE0        5004    5004    5017    5018    5019
RBE0        5005    5005    5019    5020    5021
RBE0        5006    5006    5021    5022    5023
RBE0        5007    5007    5023    5024    5025
RBE0        5008    5008    5025    5026    5027
RBE0        5009    5009    5027    5028    5029
RBE0        5010    5010    5029    5030    5031
RBE0        5011    5011    5031    5032    5033
$Wing Grid
GRID        5001       0  5.9162  0.0000  0.0018       0
GRID        5002       0  6.3121  0.5953  0.0538       0
GRID        5003       0  6.7080  1.1905  0.1057       0
GRID        5004       0  7.1039  1.7858  0.1577       0
GRID        5005       0  7.4998  2.3810  0.2096       0
GRID        5006       0  7.8957  2.9763  0.2616       0
GRID        5007       0  8.3062  3.5715  0.3135       0
GRID        5008       0  8.7168  4.1668  0.3655       0
GRID        5009       0  9.1273  4.7620  0.4175       0
GRID        5010       0  9.5378  5.3573  0.4694       0
GRID        5011       0  9.9484  5.9526  0.5214       0
GRID        5012       0  5.1836  0.0001  0.0009       0
GRID        5013       0  6.6487 -0.0001  0.0028       0
GRID        5014       0  5.8581  0.8950  0.0791       0
GRID        5015       0  6.8045  0.2702  0.0263       0
GRID        5016       0  6.2892  1.4670  0.1291       0
GRID        5017       0  7.1622  0.8906  0.0804       0
GRID        5018       0  6.7203  2.0390  0.1791       0
GRID        5019       0  7.5199  1.5111  0.1345       0
GRID        5020       0  7.1515  2.6110  0.2291       0
GRID        5021       0  7.8776  2.1316  0.1885       0
GRID        5022       0  7.5881  3.1869  0.2794       0
GRID        5023       0  8.2318  2.7461  0.2421       0
GRID        5024       0  8.0284  3.7617  0.3296       0
GRID        5025       0  8.6044  3.3674  0.2963       0
GRID        5026       0  8.4688  4.3366  0.3799       0
GRID        5027       0  8.9830  3.9845  0.3501       0
GRID        5028       0  8.9091  4.9114  0.4301       0
GRID        5029       0  9.3615  4.6017  0.4039       0
GRID        5030       0  9.3495  5.4863  0.4803       0
GRID        5031       0  9.7401  5.2188  0.4577       0
GRID        5032       0  9.7067  5.9526  0.5211       0
GRID        5033       0 10.1901  5.9525  0.5217       0
PBAR        5501    5001 3.999-2 8.502-4 7.686-3   0.000 4.268-3   0.000
          0.1625  0.6501 -0.1625  0.6501 -0.1625 -0.6501  0.1625 -0.6501
CBAR        5501    5501    5501    5502  0.0013 -0.0869 -0.9962     GGG
PBAR        5502    5001 3.346-2 4.940-4 4.508-3   0.000 2.501-3   0.000
          0.1364  0.5456 -0.1364  0.5456 -0.1364 -0.5456  0.1364 -0.5456
CBAR        5502    5502    5502    5503  0.0013 -0.0861 -0.9963     GGG
PBAR        5503    5001 3.071-2 3.802-4 3.487-3   0.000 1.934-3   0.000
          0.1254  0.5016 -0.1254  0.5016 -0.1254 -0.5016  0.1254 -0.5016
CBAR        5503    5503    5503    5504  0.0013 -0.0861 -0.9963     GGG
PBAR        5504    5001 2.796-2 2.853-4 2.633-3   0.000 1.459-3   0.000
          0.1144  0.4575 -0.1144  0.4575 -0.1144 -0.4575  0.1144 -0.4575
CBAR        5504    5504    5504    5505  0.0013 -0.0861 -0.9963     GGG
PBAR        5505    5001 2.518-2 2.070-4 1.925-3   0.000 1.066-3   0.000
          0.1033  0.4130 -0.1033  0.4130 -0.1033 -0.4130  0.1033 -0.4130
CBAR        5505    5505    5505    5506  0.0013 -0.0861 -0.9963     GGG
PBAR        5506    5001 2.249-2 1.463-4 1.373-3   0.000 7.595-4   0.000
          0.0925  0.3700 -0.0925  0.3700 -0.0925 -0.3700  0.0925 -0.3700
CBAR        5506    5506    5506    5507  0.0013 -0.0861 -0.9963     GGG
PBAR        5507    5001 2.004-2 1.025-4 9.717-4   0.000 5.371-4   0.000
          0.0827  0.3307 -0.0827  0.3307 -0.0827 -0.3307  0.0827 -0.3307
CBAR        5507    5507    5507    5508  0.0013 -0.0861 -0.9963     GGG
PBAR        5508    5001 1.769-2 6.982-5 6.702-4   0.000 3.700-4   0.000
          0.0733  0.2932 -0.0733  0.2932 -0.0733 -0.2932  0.0733 -0.2932
CBAR        5508    5508    5508    5509  0.0013 -0.0861 -0.9963     GGG
PBAR        5509    5001 1.535-2 4.496-5 4.386-4   0.000 2.418-4   0.000
          0.0639  0.2557 -0.0639  0.2557 -0.0639 -0.2557  0.0639 -0.2557
CBAR        5509    5509    5509    5510  0.0013 -0.0861 -0.9963     GGG
PBAR        5510    5001 1.433-2 3.629-5 3.571-4   0.000 1.967-4   0.000
          0.0598  0.2394 -0.0598  0.2394 -0.0598 -0.2394  0.0598 -0.2394
CBAR        5510    5510    5510    5511  0.0013 -0.0861 -0.9963     GGG
$Set Grid Wing
SET1        5501    5501    5502    5503    5504    5505    5506    5507
            5508    5509    5510    5511
$Wing's Wing CBAR elem IDs 
SET1        5502    5501    5502    5503    5504    5505    5506    5507
            5508    5509    5510
RBE0        5501    5501    5511    5512    5513
RBE0        5502    5502    5513    5514    5515
RBE0        5503    5503    5515    5516    5517
RBE0        5504    5504    5517    5518    5519
RBE0        5505    5505    5519    5520    5521
RBE0        5506    5506    5521    5522    5523
RBE0        5507    5507    5523    5524    5525
RBE0        5508    5508    5525    5526    5527
RBE0        5509    5509    5527    5528    5529
RBE0        5510    5510    5529    5530    5531
RBE0        5511    5511    5531    5532    5533
$Wing Grid
GRID        5001       0  5.9162  0.0000  0.0018       0
GRID        5002       0  6.3121  0.5953  0.0538       0
GRID        5003       0  6.7080  1.1905  0.1057       0
GRID        5004       0  7.1039  1.7858  0.1577       0
GRID        5005       0  7.4998  2.3810  0.2096       0
GRID        5006       0  7.8957  2.9763  0.2616       0
GRID        5007       0  8.3062  3.5715  0.3135       0
GRID        5008       0  8.7168  4.1668  0.3655       0
GRID        5009       0  9.1273  4.7620  0.4175       0
GRID        5010       0  9.5378  5.3573  0.4694       0
GRID        5011       0  9.9484  5.9526  0.5214       0
GRID        5012       0  5.1836  0.0001  0.0009       0
GRID        5013       0  6.6487 -0.0001  0.0028       0
GRID        5014       0  5.8581  0.8950  0.0791       0
GRID        5015       0  6.8045  0.2702  0.0263       0
GRID        5016       0  6.2892  1.4670  0.1291       0
GRID        5017       0  7.1622  0.8906  0.0804       0
GRID        5018       0  6.7203  2.0390  0.1791       0
GRID        5019       0  7.5199  1.5111  0.1345       0
GRID        5020       0  7.1515  2.6110  0.2291       0
GRID        5021       0  7.8776  2.1316  0.1885       0
GRID        5022       0  7.5881  3.1869  0.2794       0
GRID        5023       0  8.2318  2.7461  0.2421       0
GRID        5024       0  8.0284  3.7617  0.3296       0
GRID        5025       0  8.6044  3.3674  0.2963       0
GRID        5026       0  8.4688  4.3366  0.3799       0
GRID        5027       0  8.9830  3.9845  0.3501       0
GRID        5028       0  8.9091  4.9114  0.4301       0
GRID        5029       0  9.3615  4.6017  0.4039       0
GRID        5030       0  9.3495  5.4863  0.4803       0
GRID        5031       0  9.7401  5.2188  0.4577       0
GRID        5032       0  9.7067  5.9526  0.5211       0
GRID        5033       0 10.1901  5.9525  0.5217       0
GRID        5501       0  5.9162 -0.0000  0.0018       0
GRID        5502       0  6.3121 -0.5953  0.0538       0
GRID        5503       0  6.7080 -1.1905  0.1057       0
GRID        5504       0  7.1039 -1.7858  0.1577       0
GRID        5505       0  7.4998 -2.3810  0.2096       0
GRID        5506       0  7.8957 -2.9763  0.2616       0
GRID        5507       0  8.3062 -3.5715  0.3135       0
GRID        5508       0  8.7168 -4.1668  0.3655       0
GRID        5509       0  9.1273 -4.7620  0.4175       0
GRID        5510       0  9.5378 -5.3573  0.4694       0
GRID        5511       0  9.9484 -5.9526  0.5214       0
GRID        5512       0  5.1836 -0.0001  0.0009       0
GRID        5513       0  6.6487  0.0001  0.0028       0
GRID        5514       0  5.8581 -0.8950  0.0791       0
GRID        5515       0  6.8045 -0.2702  0.0263       0
GRID        5516       0  6.2892 -1.4670  0.1291       0
GRID        5517       0  7.1622 -0.8906  0.0804       0
GRID        5518       0  6.7203 -2.0390  0.1791       0
GRID        5519       0  7.5199 -1.5111  0.1345       0
GRID        5520       0  7.1515 -2.6110  0.2291       0
GRID        5521       0  7.8776 -2.1316  0.1885       0
GRID        5522       0  7.5881 -3.1869  0.2794       0
GRID        5523       0  8.2318 -2.7461  0.2421       0
GRID        5524       0  8.0284 -3.7617  0.3296       0
GRID        5525       0  8.6044 -3.3674  0.2963       0
GRID        5526       0  8.4688 -4.3366  0.3799       0
GRID        5527       0  8.9830 -3.9845  0.3501       0
GRID        5528       0  8.9091 -4.9114  0.4301       0
GRID        5529       0  9.3615 -4.6017  0.4039       0
GRID        5530       0  9.3495 -5.4863  0.4803       0
GRID        5531       0  9.7401 -5.2188  0.4577       0
GRID        5532       0  9.7067 -5.9526  0.5211       0
GRID        5533       0 10.1901 -5.9525  0.5217       0
