$-------2-------3-------4-------5-------6-------7-------8-------9-------10
$Coordinates System for Aerodynamic Body
CORD2R      2001       0 32.0117 -2.6500  2.7000 32.0117 -2.6500  3.7000
         33.0117 -2.6500  3.7000
$Aerodynamic Body
CAEROB  2       32.0117 -2.6500 2.7000  2001    4.417   5       1       
        0       1       0.2777  1.175   0.5555  1.19    0.8332  1.015   
        1.111   0.7101  ENDT
$-------2-------3-------4-------5-------6-------7-------8-------9-------10
$Coordinates System for Aerodynamic Body
CORD2R      2501       0 32.0117  2.6500  2.7000 32.0117  2.6500  3.7000
         33.0117  2.6500  3.7000
$Aerodynamic Body
CAEROB  54      32.0117 2.6500  2.7000  2501    4.417   5       1       
        0       1       0.2777  1.175   0.5555  1.19    0.8332  1.015   
        1.111   0.7101  ENDT
