%  Position: (66.8244, 6.25305, 2.21186) m;  Chord: 3.20227 m;  Twist: 1.61275 deg
100     100
0   0
0.010101   0.00941628
0.020202   0.0130458
0.030303   0.0156392
0.040404   0.0176655
0.0505051   0.0193138
0.0606061   0.0206859
0.0707071   0.0218456
0.0808081   0.022837
0.0909091   0.0236922
0.10101   0.024436
0.111111   0.0250877
0.121212   0.0256628
0.131313   0.0261737
0.141414   0.0266308
0.151515   0.0270422
0.161616   0.0274146
0.171717   0.0277536
0.181818   0.0280634
0.191919   0.0283474
0.20202   0.0286082
0.212121   0.0288479
0.222222   0.0290678
0.232323   0.0292689
0.242424   0.0294517
0.252525   0.0296165
0.262626   0.0297633
0.272727   0.0298918
0.282828   0.0300017
0.292929   0.0300925
0.30303   0.0301636
0.313131   0.0302144
0.323232   0.0302443
0.333333   0.0302525
0.343434   0.0302384
0.353535   0.0302014
0.363636   0.030141
0.373737   0.0300565
0.383838   0.0299477
0.393939   0.029814
0.40404   0.0296552
0.414141   0.029471
0.424242   0.0292613
0.434343   0.029026
0.444444   0.0287651
0.454545   0.0284788
0.464646   0.0281673
0.474747   0.0278308
0.484848   0.0274698
0.494949   0.0270846
0.505051   0.026676
0.515152   0.0262445
0.525253   0.0257909
0.535354   0.025316
0.545455   0.0248207
0.555556   0.024306
0.565657   0.0237731
0.575758   0.023223
0.585859   0.0226571
0.59596   0.0220766
0.606061   0.0214829
0.616162   0.0208775
0.626263   0.0202619
0.636364   0.0196376
0.646465   0.0190063
0.656566   0.0183696
0.666667   0.0177291
0.676768   0.0170866
0.686869   0.0164436
0.69697   0.0158019
0.707071   0.0151631
0.717172   0.0145287
0.727273   0.0139003
0.737374   0.0132794
0.747475   0.0126673
0.757576   0.0120652
0.767677   0.0114742
0.777778   0.0108953
0.787879   0.0103294
0.79798   0.00977689
0.808081   0.00923834
0.818182   0.00871391
0.828283   0.00820361
0.838384   0.0077072
0.848485   0.00722425
0.858586   0.00675408
0.868687   0.00629586
0.878788   0.00584854
0.888889   0.00541094
0.89899   0.00498175
0.909091   0.00455964
0.919192   0.00414325
0.929293   0.00373133
0.939394   0.00332281
0.949495   0.00291693
0.959596   0.00251336
0.969697   0.0021124
0.979798   0.00171511
0.989899   0.00132358
1   0.000941147
0   0
0.010101   -0.0170291
0.020202   -0.0235082
0.030303   -0.0281254
0.040404   -0.0317497
0.0505051   -0.0347301
0.0606061   -0.0372517
0.0707071   -0.0394275
0.0808081   -0.041333
0.0909091   -0.0430212
0.10101   -0.0445311
0.111111   -0.0458918
0.121212   -0.047126
0.131313   -0.0482509
0.141414   -0.0492804
0.151515   -0.0502253
0.161616   -0.051094
0.171717   -0.0518934
0.181818   -0.0526287
0.191919   -0.0533042
0.20202   -0.0539232
0.212121   -0.0544883
0.222222   -0.0550015
0.232323   -0.0554643
0.242424   -0.055878
0.252525   -0.0562434
0.262626   -0.0565614
0.272727   -0.0568323
0.282828   -0.0570568
0.292929   -0.0572352
0.30303   -0.0573677
0.313131   -0.0574548
0.323232   -0.0574967
0.333333   -0.0574938
0.343434   -0.0574463
0.353535   -0.0573546
0.363636   -0.0572192
0.373737   -0.0570405
0.383838   -0.0568189
0.393939   -0.0565551
0.40404   -0.0562494
0.414141   -0.0559027
0.424242   -0.0555154
0.434343   -0.0550884
0.444444   -0.0546223
0.454545   -0.054118
0.464646   -0.0535762
0.474747   -0.0529978
0.484848   -0.0523837
0.494949   -0.0517348
0.505051   -0.0510522
0.515152   -0.0503368
0.525253   -0.0495897
0.535354   -0.048812
0.545455   -0.0480048
0.555556   -0.0471694
0.565657   -0.0463069
0.575758   -0.0454187
0.585859   -0.044506
0.59596   -0.0435702
0.606061   -0.0426127
0.616162   -0.0416349
0.626263   -0.0406384
0.636364   -0.0396245
0.646465   -0.0385948
0.656566   -0.0375508
0.666667   -0.036494
0.676768   -0.0354261
0.686869   -0.0343484
0.69697   -0.0332625
0.707071   -0.0321699
0.717172   -0.031072
0.727273   -0.0299701
0.737374   -0.0288655
0.747475   -0.0277595
0.757576   -0.0266531
0.767677   -0.0255473
0.777778   -0.024443
0.787879   -0.0233409
0.79798   -0.0222415
0.808081   -0.0211454
0.818182   -0.0200527
0.828283   -0.0189636
0.838384   -0.0178781
0.848485   -0.0167959
0.858586   -0.0157168
0.868687   -0.0146404
0.878788   -0.0135663
0.888889   -0.0124941
0.89899   -0.0114233
0.909091   -0.0103537
0.919192   -0.00928518
0.929293   -0.00821807
0.939394   -0.00715305
0.949495   -0.00609141
0.959596   -0.0050352
0.969697   -0.0039874
0.979798   -0.0029522
0.989899   -0.0019352
1   -0.000943707
