%  Position: (63.6224, 1.42255, 1.66684) m;  Chord: 4.85619 m;  Twist: 0.512887 deg
100     100
0   0
0.010101   0.0101257
0.020202   0.0138737
0.030303   0.0164803
0.040404   0.018477
0.0505051   0.020079
0.0606061   0.0214006
0.0707071   0.0225121
0.0808081   0.0234603
0.0909091   0.0242781
0.10101   0.02499
0.111111   0.0256144
0.121212   0.0261656
0.131313   0.0266549
0.141414   0.0270912
0.151515   0.0274819
0.161616   0.0278327
0.171717   0.0281484
0.181818   0.028433
0.191919   0.0286896
0.20202   0.0289207
0.212121   0.0291282
0.222222   0.0293139
0.232323   0.0294789
0.242424   0.0296241
0.252525   0.0297501
0.262626   0.0298574
0.272727   0.0299461
0.282828   0.0300162
0.292929   0.0300675
0.30303   0.0301
0.313131   0.0301131
0.323232   0.0301064
0.333333   0.0300796
0.343434   0.030032
0.353535   0.0299631
0.363636   0.0298723
0.373737   0.0297591
0.383838   0.029623
0.393939   0.0294635
0.40404   0.0292802
0.414141   0.0290726
0.424242   0.0288404
0.434343   0.0285836
0.444444   0.0283018
0.454545   0.0279952
0.464646   0.0276637
0.474747   0.0273077
0.484848   0.0269274
0.494949   0.0265232
0.505051   0.0260957
0.515152   0.0256457
0.525253   0.0251738
0.535354   0.0246812
0.545455   0.0241687
0.555556   0.0236377
0.565657   0.0230893
0.575758   0.022525
0.585859   0.0219463
0.59596   0.0213546
0.606061   0.0207517
0.616162   0.0201393
0.626263   0.019519
0.636364   0.0188927
0.646465   0.0182621
0.656566   0.0176292
0.666667   0.0169955
0.676768   0.016363
0.686869   0.0157333
0.69697   0.015108
0.707071   0.0144888
0.717172   0.0138772
0.727273   0.0132744
0.737374   0.0126817
0.747475   0.0121002
0.757576   0.0115308
0.767677   0.0109743
0.777778   0.0104313
0.787879   0.00990217
0.79798   0.00938708
0.808081   0.00888604
0.818182   0.00839885
0.828283   0.00792511
0.838384   0.00746424
0.848485   0.00701544
0.858586   0.00657777
0.868687   0.00615015
0.878788   0.00573133
0.888889   0.00531999
0.89899   0.00491474
0.909091   0.00451417
0.919192   0.00411688
0.929293   0.00372156
0.939394   0.00332702
0.949495   0.0029323
0.959596   0.00253671
0.969697   0.00213995
0.979798   0.00174217
0.989899   0.00134411
1   0.000947206
0   0
0.010101   -0.0180566
0.020202   -0.0246994
0.030303   -0.0293227
0.040404   -0.0328869
0.0505051   -0.0357798
0.0606061   -0.0382062
0.0707071   -0.0402893
0.0808081   -0.0421095
0.0909091   -0.0437219
0.10101   -0.0451657
0.111111   -0.0464693
0.121212   -0.047654
0.131313   -0.0487356
0.141414   -0.0497262
0.151515   -0.0506353
0.161616   -0.0514701
0.171717   -0.0522362
0.181818   -0.0529383
0.191919   -0.0535798
0.20202   -0.0541639
0.212121   -0.0546929
0.222222   -0.0551688
0.232323   -0.0555933
0.242424   -0.0559679
0.252525   -0.0562939
0.262626   -0.0565723
0.272727   -0.0568042
0.282828   -0.0569905
0.292929   -0.0571319
0.30303   -0.0572291
0.313131   -0.0572829
0.323232   -0.0572939
0.333333   -0.0572625
0.343434   -0.0571893
0.353535   -0.0570749
0.363636   -0.0569195
0.373737   -0.0567238
0.383838   -0.056488
0.393939   -0.0562125
0.40404   -0.0558979
0.414141   -0.0555443
0.424242   -0.0551524
0.434343   -0.0547224
0.444444   -0.0542548
0.454545   -0.0537501
0.464646   -0.0532088
0.474747   -0.0526315
0.484848   -0.0520187
0.494949   -0.0513713
0.505051   -0.0506898
0.515152   -0.0499752
0.525253   -0.0492282
0.535354   -0.0484498
0.545455   -0.0476412
0.555556   -0.0468033
0.565657   -0.0459373
0.575758   -0.0450446
0.585859   -0.0441263
0.59596   -0.043184
0.606061   -0.042219
0.616162   -0.0412329
0.626263   -0.0402272
0.636364   -0.0392034
0.646465   -0.0381633
0.656566   -0.0371084
0.666667   -0.0360403
0.676768   -0.0349607
0.686869   -0.0338712
0.69697   -0.0327734
0.707071   -0.0316688
0.717172   -0.0305589
0.727273   -0.0294451
0.737374   -0.0283287
0.747475   -0.0272109
0.757576   -0.0260931
0.767677   -0.0249761
0.777778   -0.0238609
0.787879   -0.0227483
0.79798   -0.0216392
0.808081   -0.020534
0.818182   -0.0194333
0.828283   -0.0183374
0.838384   -0.0172468
0.848485   -0.0161616
0.858586   -0.0150822
0.868687   -0.0140086
0.878788   -0.0129412
0.888889   -0.0118801
0.89899   -0.0108259
0.909091   -0.00977902
0.919192   -0.00874025
0.929293   -0.00771065
0.939394   -0.00669163
0.949495   -0.00568506
0.959596   -0.00469333
0.969697   -0.0037195
0.979798   -0.00276736
0.989899   -0.00184161
1   -0.000947941
