%  Position: (68.0633, 8.12957, 2.41682) m;  Chord: 2.56491 m;  Twist: 2.26849 deg
100     100
0   0
0.010101   0.0102287
0.020202   0.0139911
0.030303   0.0165955
0.040404   0.0185837
0.0505051   0.0201761
0.0606061   0.0214902
0.0707071   0.0225982
0.0808081   0.0235479
0.0909091   0.0243732
0.10101   0.0250987
0.111111   0.0257427
0.121212   0.0263193
0.131313   0.0268392
0.141414   0.0273108
0.151515   0.0277407
0.161616   0.0281339
0.171717   0.0284945
0.181818   0.0288256
0.191919   0.0291296
0.20202   0.0294084
0.212121   0.0296633
0.222222   0.0298953
0.232323   0.0301053
0.242424   0.0302937
0.252525   0.0304609
0.262626   0.030607
0.272727   0.0307321
0.282828   0.0308361
0.292929   0.030919
0.30303   0.0309806
0.313131   0.0310206
0.323232   0.0310389
0.333333   0.031035
0.343434   0.0310089
0.353535   0.0309601
0.363636   0.0308884
0.373737   0.0307935
0.383838   0.0306752
0.393939   0.0305332
0.40404   0.0303672
0.414141   0.0301771
0.424242   0.0299627
0.434343   0.0297239
0.444444   0.0294607
0.454545   0.0291729
0.464646   0.0288608
0.474747   0.0285243
0.484848   0.0281637
0.494949   0.0277793
0.505051   0.0273714
0.515152   0.0269404
0.525253   0.026487
0.535354   0.0260116
0.545455   0.0255152
0.555556   0.0249984
0.565657   0.0244623
0.575758   0.023908
0.585859   0.0233365
0.59596   0.0227491
0.606061   0.0221473
0.616162   0.0215324
0.626263   0.0209059
0.636364   0.0202696
0.646465   0.0196251
0.656566   0.018974
0.666667   0.0183183
0.676768   0.0176597
0.686869   0.0169999
0.69697   0.0163409
0.707071   0.0156844
0.717172   0.0150322
0.727273   0.0143858
0.737374   0.013747
0.747475   0.0131171
0.757576   0.0124974
0.767677   0.0118893
0.777778   0.0112936
0.787879   0.0107112
0.79798   0.0101428
0.808081   0.00958855
0.818182   0.00904877
0.828283   0.00852332
0.838384   0.00801186
0.848485   0.00751382
0.858586   0.00702838
0.868687   0.00655454
0.878788   0.0060911
0.888889   0.00563675
0.89899   0.00519004
0.909091   0.00474954
0.919192   0.00431384
0.929293   0.00388171
0.939394   0.00345215
0.949495   0.00302457
0.959596   0.00259892
0.969697   0.00217588
0.979798   0.00175708
0.989899   0.00134528
1   0.000944711
0   0
0.010101   -0.0153143
0.020202   -0.0214488
0.030303   -0.0259631
0.040404   -0.029585
0.0505051   -0.0326051
0.0606061   -0.0351801
0.0707071   -0.037409
0.0808081   -0.0393605
0.0909091   -0.0410857
0.10101   -0.0426238
0.111111   -0.0440058
0.121212   -0.0452565
0.131313   -0.0463957
0.141414   -0.0474395
0.151515   -0.0484008
0.161616   -0.0492897
0.171717   -0.0501142
0.181818   -0.0508806
0.191919   -0.0515935
0.20202   -0.0522564
0.212121   -0.0528716
0.222222   -0.0534407
0.232323   -0.0539646
0.242424   -0.0544439
0.252525   -0.0548786
0.262626   -0.0552686
0.272727   -0.0556135
0.282828   -0.055913
0.292929   -0.0561666
0.30303   -0.056374
0.313131   -0.0565348
0.323232   -0.056649
0.333333   -0.0567164
0.343434   -0.056737
0.353535   -0.0567112
0.363636   -0.0566391
0.373737   -0.0565213
0.383838   -0.0563584
0.393939   -0.0561509
0.40404   -0.0558998
0.414141   -0.0556058
0.424242   -0.0552698
0.434343   -0.0548928
0.444444   -0.0544758
0.454545   -0.0540197
0.464646   -0.0535255
0.474747   -0.0529942
0.484848   -0.0524268
0.494949   -0.0518243
0.505051   -0.0511874
0.515152   -0.0505172
0.525253   -0.0498144
0.535354   -0.04908
0.545455   -0.0483148
0.555556   -0.0475196
0.565657   -0.0466953
0.575758   -0.0458426
0.585859   -0.0449625
0.59596   -0.044056
0.606061   -0.0431239
0.616162   -0.0421673
0.626263   -0.0411873
0.636364   -0.0401851
0.646465   -0.0391619
0.656566   -0.0381191
0.666667   -0.0370582
0.676768   -0.0359806
0.686869   -0.0348881
0.69697   -0.0337824
0.707071   -0.0326651
0.717172   -0.0315381
0.727273   -0.0304034
0.737374   -0.0292628
0.747475   -0.028118
0.757576   -0.0269711
0.767677   -0.0258236
0.777778   -0.0246772
0.787879   -0.0235335
0.79798   -0.0223937
0.808081   -0.0212589
0.818182   -0.0201302
0.828283   -0.019008
0.838384   -0.0178928
0.848485   -0.0167847
0.858586   -0.0156836
0.868687   -0.0145889
0.878788   -0.0135003
0.888889   -0.0124168
0.89899   -0.0113378
0.909091   -0.0102625
0.919192   -0.00919052
0.929293   -0.00812169
0.939394   -0.00705665
0.949495   -0.00599694
0.959596   -0.0049454
0.969697   -0.00390657
0.979798   -0.00288718
0.989899   -0.00189673
1   -0.000948128
