%  Position: (32.5976, 8.3991,-0.471327) m;  Chord: 7.73713 m;  Twist: 0.670465 deg
100     100
0   0
0.010101   0.0159097
0.020202   0.021992
0.030303   0.026337
0.040404   0.0297541
0.0505051   0.0325707
0.0606061   0.0349623
0.0707071   0.0370373
0.0808081   0.0388686
0.0909091   0.0405077
0.10101   0.0419923
0.111111   0.0433505
0.121212   0.0446031
0.131313   0.045766
0.141414   0.0468509
0.151515   0.0478664
0.161616   0.048819
0.171717   0.0497128
0.181818   0.0505511
0.191919   0.0513358
0.20202   0.0520679
0.212121   0.0527483
0.222222   0.0533772
0.232323   0.0539547
0.242424   0.0544809
0.252525   0.0549561
0.262626   0.0553803
0.272727   0.0557542
0.282828   0.0560783
0.292929   0.0563536
0.30303   0.0565812
0.313131   0.0567625
0.323232   0.0568991
0.333333   0.0569929
0.343434   0.0570458
0.353535   0.05706
0.363636   0.0570377
0.373737   0.0569813
0.383838   0.0568931
0.393939   0.0567753
0.40404   0.0566302
0.414141   0.0564599
0.424242   0.0562665
0.434343   0.0560517
0.444444   0.0558171
0.454545   0.0555642
0.464646   0.0552939
0.474747   0.0550072
0.484848   0.0547046
0.494949   0.0543864
0.505051   0.0540526
0.515152   0.0537028
0.525253   0.0533364
0.535354   0.0529527
0.545455   0.0525504
0.555556   0.0521284
0.565657   0.0516851
0.575758   0.0512188
0.585859   0.0507277
0.59596   0.05021
0.606061   0.0496637
0.616162   0.0490869
0.626263   0.0484775
0.636364   0.0478338
0.646465   0.0471539
0.656566   0.0464363
0.666667   0.0456794
0.676768   0.0448819
0.686869   0.0440428
0.69697   0.0431613
0.707071   0.0422367
0.717172   0.041269
0.727273   0.040258
0.737374   0.039204
0.747475   0.0381076
0.757576   0.0369697
0.767677   0.0357913
0.777778   0.0345737
0.787879   0.0333185
0.79798   0.0320272
0.808081   0.0307017
0.818182   0.0293439
0.828283   0.0279555
0.838384   0.0265386
0.848485   0.0250948
0.858586   0.0236259
0.868687   0.0221334
0.878788   0.0206186
0.888889   0.0190827
0.89899   0.0175265
0.909091   0.0159507
0.919192   0.0143556
0.929293   0.0127414
0.939394   0.0111081
0.949495   0.00945572
0.959596   0.00778424
0.969697   0.00609394
0.979798   0.0043855
0.989899   0.00266031
1   0.000920756
0   0
0.010101   -0.0140538
0.020202   -0.0188686
0.030303   -0.0221662
0.040404   -0.0247786
0.0505051   -0.0270342
0.0606061   -0.0290923
0.0707071   -0.0310349
0.0808081   -0.0329039
0.0909091   -0.034718
0.10101   -0.0364827
0.111111   -0.0381962
0.121212   -0.0398524
0.131313   -0.0414436
0.141414   -0.0429618
0.151515   -0.0443995
0.161616   -0.0457502
0.171717   -0.0470087
0.181818   -0.0481715
0.191919   -0.0492363
0.20202   -0.0502024
0.212121   -0.0510702
0.222222   -0.0518411
0.232323   -0.0525176
0.242424   -0.0531028
0.252525   -0.0536004
0.262626   -0.0540143
0.272727   -0.0543487
0.282828   -0.0546079
0.292929   -0.054796
0.30303   -0.0549171
0.313131   -0.0549749
0.323232   -0.0549728
0.333333   -0.0549139
0.343434   -0.054801
0.353535   -0.0546361
0.363636   -0.0544213
0.373737   -0.0541579
0.383838   -0.0538472
0.393939   -0.0534897
0.40404   -0.0530861
0.414141   -0.0526365
0.424242   -0.0521411
0.434343   -0.0515996
0.444444   -0.051012
0.454545   -0.050378
0.464646   -0.0496973
0.474747   -0.0489701
0.484848   -0.0481961
0.494949   -0.0473756
0.505051   -0.0465089
0.515152   -0.0455967
0.525253   -0.0446397
0.535354   -0.0436391
0.545455   -0.0425962
0.555556   -0.0415128
0.565657   -0.0403907
0.575758   -0.0392322
0.585859   -0.0380398
0.59596   -0.0368162
0.606061   -0.0355643
0.616162   -0.0342874
0.626263   -0.0329887
0.636364   -0.0316717
0.646465   -0.03034
0.656566   -0.0289971
0.666667   -0.0276467
0.676768   -0.0262926
0.686869   -0.0249384
0.69697   -0.0235877
0.707071   -0.0222441
0.717172   -0.020911
0.727273   -0.019592
0.737374   -0.0182903
0.747475   -0.017009
0.757576   -0.0157515
0.767677   -0.0145206
0.777778   -0.0133195
0.787879   -0.0121511
0.79798   -0.0110185
0.808081   -0.00992452
0.818182   -0.00887237
0.828283   -0.00786518
0.838384   -0.00690623
0.848485   -0.00599895
0.858586   -0.00514689
0.868687   -0.00435381
0.878788   -0.00362356
0.888889   -0.00296013
0.89899   -0.00236754
0.909091   -0.00184975
0.919192   -0.00141054
0.929293   -0.00105334
0.939394   -0.000780958
0.949495   -0.000595337
0.959596   -0.000497149
0.969697   -0.000485365
0.979798   -0.000556712
0.989899   -0.000705027
1   -0.000920495
