%  Position: (39.9501, 20.0566, 0.589866) m;  Chord: 4.49994 m;  Twist: 0.456537 deg
100     100
0   0
0.010101   0.0181147
0.020202   0.0246182
0.030303   0.0290263
0.040404   0.0323297
0.0505051   0.0349373
0.0606061   0.0370706
0.0707071   0.0388663
0.0808081   0.0404154
0.0909091   0.0417812
0.10101   0.0430088
0.111111   0.0441306
0.121212   0.0451699
0.131313   0.0461434
0.141414   0.0470627
0.151515   0.0479357
0.161616   0.0487674
0.171717   0.0495608
0.181818   0.0503176
0.191919   0.051038
0.20202   0.051722
0.212121   0.052369
0.222222   0.0529783
0.232323   0.0535491
0.242424   0.054081
0.252525   0.0545735
0.262626   0.0550267
0.272727   0.0554409
0.282828   0.0558168
0.292929   0.0561552
0.30303   0.0564575
0.313131   0.0567253
0.323232   0.0569602
0.333333   0.0571643
0.343434   0.0573394
0.353535   0.0574878
0.363636   0.0576114
0.373737   0.0577122
0.383838   0.057792
0.393939   0.0578524
0.40404   0.0578949
0.414141   0.0579206
0.424242   0.0579303
0.434343   0.0579244
0.444444   0.0579029
0.454545   0.0578658
0.464646   0.0578121
0.474747   0.0577411
0.484848   0.0576511
0.494949   0.0575406
0.505051   0.0574075
0.515152   0.0572495
0.525253   0.057064
0.535354   0.0568484
0.545455   0.0565998
0.555556   0.0563153
0.565657   0.055992
0.575758   0.0556269
0.585859   0.0552174
0.59596   0.0547608
0.606061   0.0542547
0.616162   0.053697
0.626263   0.0530857
0.636364   0.0524196
0.646465   0.0516974
0.656566   0.0509187
0.666667   0.0500831
0.676768   0.049191
0.686869   0.048243
0.69697   0.0472404
0.707071   0.0461847
0.717172   0.0450779
0.727273   0.0439223
0.737374   0.0427206
0.747475   0.0414757
0.757576   0.0401905
0.767677   0.0388683
0.777778   0.0375122
0.787879   0.0361251
0.79798   0.03471
0.808081   0.0332694
0.818182   0.0318055
0.828283   0.0303201
0.838384   0.0288143
0.848485   0.0272889
0.858586   0.0257439
0.868687   0.0241785
0.878788   0.0225915
0.888889   0.0209811
0.89899   0.0193449
0.909091   0.0176802
0.919192   0.0159844
0.929293   0.0142546
0.939394   0.0124889
0.949495   0.0106862
0.959596   0.00884678
0.969697   0.00697336
0.979798   0.00507156
0.989899   0.00315099
1   0.00122631
0   0
0.010101   -0.012559
0.020202   -0.0167195
0.030303   -0.019466
0.040404   -0.0215607
0.0505051   -0.0233068
0.0606061   -0.0248534
0.0707071   -0.0262784
0.0808081   -0.027622
0.0909091   -0.0289033
0.10101   -0.0301288
0.111111   -0.0312977
0.121212   -0.0324055
0.131313   -0.0334456
0.141414   -0.0344113
0.151515   -0.035296
0.161616   -0.0360943
0.171717   -0.036802
0.181818   -0.0374163
0.191919   -0.0379359
0.20202   -0.0383608
0.212121   -0.0386923
0.222222   -0.0389327
0.232323   -0.0390855
0.242424   -0.0391547
0.252525   -0.0391451
0.262626   -0.0390618
0.272727   -0.0389102
0.282828   -0.0386958
0.292929   -0.038424
0.30303   -0.0381
0.313131   -0.037729
0.323232   -0.0373154
0.333333   -0.0368637
0.343434   -0.0363775
0.353535   -0.0358601
0.363636   -0.0353142
0.373737   -0.034742
0.383838   -0.0341453
0.393939   -0.0335252
0.40404   -0.0328824
0.414141   -0.0322173
0.424242   -0.0315297
0.434343   -0.0308192
0.444444   -0.0300853
0.454545   -0.0293269
0.464646   -0.0285432
0.474747   -0.027733
0.484848   -0.0268952
0.494949   -0.0260287
0.505051   -0.0251328
0.515152   -0.0242066
0.525253   -0.0232496
0.535354   -0.0222615
0.545455   -0.0212425
0.555556   -0.020193
0.565657   -0.0191137
0.575758   -0.018006
0.585859   -0.0168713
0.59596   -0.0157119
0.606061   -0.0145303
0.616162   -0.0133294
0.626263   -0.0121126
0.636364   -0.0108838
0.646465   -0.00964704
0.656566   -0.00840699
0.666667   -0.00716852
0.676768   -0.00593682
0.686869   -0.00471734
0.69697   -0.00351573
0.707071   -0.00233782
0.717172   -0.00118957
0.727273   -7.70101e-05
0.737374   0.000993818
0.747475   0.00201688
0.757576   0.0029862
0.767677   0.00389593
0.777778   0.00474037
0.787879   0.00551399
0.79798   0.00621152
0.808081   0.00682791
0.818182   0.00735841
0.828283   0.00779857
0.838384   0.00814428
0.848485   0.00839172
0.858586   0.00853744
0.868687   0.00857834
0.878788   0.00851165
0.888889   0.00833495
0.89899   0.00804615
0.909091   0.00764351
0.919192   0.00712559
0.929293   0.00649131
0.939394   0.0057399
0.949495   0.00487093
0.959596   0.00388434
0.969697   0.00278045
0.979798   0.00156001
0.989899   0.000224296
1   -0.00122485
