%  Position: (29.5903, 4.26508,-0.916769) m;  Chord: 10.33 m;  Twist: 3.23573 deg
100     100
0   0
0.010101   0.0197188
0.020202   0.0274214
0.030303   0.0329512
0.040404   0.0372729
0.0505051   0.0407805
0.0606061   0.043691
0.0707071   0.0461449
0.0808081   0.0482415
0.0909091   0.0500551
0.10101   0.0516432
0.111111   0.0530509
0.121212   0.0543136
0.131313   0.0554595
0.141414   0.0565102
0.151515   0.0574826
0.161616   0.058389
0.171717   0.0592384
0.181818   0.060037
0.191919   0.0607885
0.20202   0.0614947
0.212121   0.0621562
0.222222   0.0627724
0.232323   0.0633418
0.242424   0.0638625
0.252525   0.0643326
0.262626   0.0647497
0.272727   0.0651118
0.282828   0.065417
0.292929   0.0656639
0.30303   0.0658512
0.313131   0.0659784
0.323232   0.0660452
0.333333   0.0660518
0.343434   0.0659991
0.353535   0.0658882
0.363636   0.0657207
0.373737   0.0654986
0.383838   0.0652242
0.393939   0.0648999
0.40404   0.0645284
0.414141   0.0641127
0.424242   0.0636557
0.434343   0.0631602
0.444444   0.0626292
0.454545   0.0620654
0.464646   0.0614715
0.474747   0.0608499
0.484848   0.0602028
0.494949   0.0595322
0.505051   0.0588398
0.515152   0.058127
0.525253   0.0573949
0.535354   0.0566443
0.545455   0.0558758
0.555556   0.0550896
0.565657   0.0542859
0.575758   0.0534643
0.585859   0.0526247
0.59596   0.0517664
0.606061   0.0508887
0.616162   0.0499911
0.626263   0.0490728
0.636364   0.048133
0.646465   0.0471711
0.656566   0.0461864
0.666667   0.0451785
0.676768   0.0441469
0.686869   0.0430916
0.69697   0.0420125
0.707071   0.0409097
0.717172   0.0397836
0.727273   0.0386348
0.737374   0.0374639
0.747475   0.0362719
0.757576   0.0350596
0.767677   0.0338281
0.777778   0.0325784
0.787879   0.0313117
0.79798   0.0300288
0.808081   0.0287306
0.818182   0.0274177
0.828283   0.0260905
0.838384   0.024749
0.848485   0.0233929
0.858586   0.0220215
0.868687   0.0206338
0.878788   0.0192282
0.888889   0.0178029
0.89899   0.0163557
0.909091   0.0148842
0.919192   0.0133862
0.929293   0.0118592
0.939394   0.0103017
0.949495   0.00871254
0.959596   0.00709208
0.969697   0.00544236
0.979798   0.00376785
0.989899   0.00207625
1   0.000379357
0   0
0.010101   -0.0132224
0.020202   -0.0176825
0.030303   -0.0207744
0.040404   -0.023309
0.0505051   -0.0256028
0.0606061   -0.0278035
0.0707071   -0.0299809
0.0808081   -0.0321634
0.0909091   -0.0343568
0.10101   -0.0365536
0.111111   -0.0387397
0.121212   -0.0408975
0.131313   -0.0430092
0.141414   -0.0450572
0.151515   -0.0470262
0.161616   -0.0489026
0.171717   -0.050676
0.181818   -0.0523381
0.191919   -0.0538834
0.20202   -0.0553088
0.212121   -0.0566135
0.222222   -0.0577984
0.232323   -0.0588663
0.242424   -0.0598213
0.252525   -0.0606686
0.262626   -0.0614142
0.272727   -0.0620648
0.282828   -0.0626273
0.292929   -0.0631088
0.30303   -0.0635163
0.313131   -0.0638568
0.323232   -0.0641366
0.333333   -0.0643619
0.343434   -0.0645381
0.353535   -0.06467
0.363636   -0.064762
0.373737   -0.0648174
0.383838   -0.0648392
0.393939   -0.0648295
0.40404   -0.0647898
0.414141   -0.0647208
0.424242   -0.064623
0.434343   -0.064496
0.444444   -0.064339
0.454545   -0.064151
0.464646   -0.0639303
0.474747   -0.0636753
0.484848   -0.0633838
0.494949   -0.0630537
0.505051   -0.0626827
0.515152   -0.0622685
0.525253   -0.0618088
0.535354   -0.0613015
0.545455   -0.0607445
0.555556   -0.0601358
0.565657   -0.0594738
0.575758   -0.058757
0.585859   -0.0579841
0.59596   -0.0571542
0.606061   -0.0562667
0.616162   -0.0553212
0.626263   -0.0543177
0.636364   -0.0532564
0.646465   -0.0521379
0.656566   -0.0509632
0.666667   -0.0497333
0.676768   -0.0484498
0.686869   -0.0471145
0.69697   -0.0457293
0.707071   -0.0442967
0.717172   -0.0428191
0.727273   -0.0412994
0.737374   -0.0397407
0.747475   -0.0381465
0.757576   -0.0365202
0.767677   -0.0348657
0.777778   -0.0331873
0.787879   -0.0314892
0.79798   -0.0297762
0.808081   -0.028053
0.818182   -0.026325
0.828283   -0.0245974
0.838384   -0.022876
0.848485   -0.0211667
0.858586   -0.0194753
0.868687   -0.017808
0.878788   -0.016171
0.888889   -0.0145703
0.89899   -0.0130118
0.909091   -0.0115009
0.919192   -0.0100425
0.929293   -0.00864052
0.939394   -0.00729789
0.949495   -0.00601581
0.959596   -0.00479348
0.969697   -0.00362755
0.979798   -0.00251143
0.989899   -0.00143457
1   -0.000381581
