%  Position: (45.3582, 28.725, 1.30866) m;  Chord: 2.53773 m;  Twist: -1.92295 deg
100     100
0   0
0.010101   0.015764
0.020202   0.0214511
0.030303   0.025333
0.040404   0.0282683
0.0505051   0.0306093
0.0606061   0.0325456
0.0707071   0.0341934
0.0808081   0.0356301
0.0909091   0.0369094
0.10101   0.0380697
0.111111   0.0391392
0.121212   0.0401384
0.131313   0.0410824
0.141414   0.0419823
0.151515   0.0428459
0.161616   0.0436785
0.171717   0.0444838
0.181818   0.0452638
0.191919   0.0460196
0.20202   0.0467512
0.212121   0.0474583
0.222222   0.04814
0.232323   0.0487949
0.242424   0.0494218
0.252525   0.050019
0.262626   0.0505851
0.272727   0.0511184
0.282828   0.0516174
0.292929   0.0520808
0.30303   0.0525073
0.313131   0.0528958
0.323232   0.0532453
0.333333   0.0535548
0.343434   0.0538238
0.353535   0.0540516
0.363636   0.0542379
0.373737   0.0543824
0.383838   0.0544848
0.393939   0.0545452
0.40404   0.0545637
0.414141   0.0545402
0.424242   0.0544751
0.434343   0.0543685
0.444444   0.0542209
0.454545   0.0540325
0.464646   0.0538038
0.474747   0.0535351
0.484848   0.0532269
0.494949   0.0528796
0.505051   0.0524937
0.515152   0.0520696
0.525253   0.0516078
0.535354   0.0511086
0.545455   0.0505727
0.555556   0.0500003
0.565657   0.0493921
0.575758   0.0487484
0.585859   0.0480697
0.59596   0.0473567
0.606061   0.0466097
0.616162   0.0458295
0.626263   0.0450165
0.636364   0.0441716
0.646465   0.0432953
0.656566   0.0423884
0.666667   0.0414518
0.676768   0.0404864
0.686869   0.0394931
0.69697   0.0384729
0.707071   0.037427
0.717172   0.0363564
0.727273   0.0352625
0.737374   0.0341465
0.747475   0.0330098
0.757576   0.0318538
0.767677   0.0306799
0.777778   0.0294896
0.787879   0.0282844
0.79798   0.0270658
0.808081   0.0258353
0.818182   0.0245943
0.828283   0.0233444
0.838384   0.0220869
0.848485   0.0208231
0.858586   0.0195542
0.868687   0.0182815
0.878788   0.0170059
0.888889   0.0157284
0.89899   0.0144497
0.909091   0.0131705
0.919192   0.0118914
0.929293   0.0106126
0.939394   0.00933454
0.949495   0.00805738
0.959596   0.00678127
0.969697   0.00550633
0.979798   0.00423272
0.989899   0.00296071
1   0.00169073
0   0
0.010101   -0.0144446
0.020202   -0.0194584
0.030303   -0.0228707
0.040404   -0.0255213
0.0505051   -0.0277493
0.0606061   -0.0297273
0.0707071   -0.0315508
0.0808081   -0.0332746
0.0909091   -0.0349288
0.10101   -0.0365288
0.111111   -0.0380801
0.121212   -0.0395823
0.131313   -0.0410315
0.141414   -0.0424213
0.151515   -0.0437448
0.161616   -0.0449944
0.171717   -0.0461631
0.181818   -0.0472446
0.191919   -0.0482333
0.20202   -0.049125
0.212121   -0.0499164
0.222222   -0.0506055
0.232323   -0.0511914
0.242424   -0.0516741
0.252525   -0.052055
0.262626   -0.0523361
0.272727   -0.0525203
0.282828   -0.0526114
0.292929   -0.0526136
0.30303   -0.0525316
0.313131   -0.0523706
0.323232   -0.0521361
0.333333   -0.0518335
0.343434   -0.0514686
0.353535   -0.0510471
0.363636   -0.0505746
0.373737   -0.0500567
0.383838   -0.0494986
0.393939   -0.0489053
0.40404   -0.0482816
0.414141   -0.0476319
0.424242   -0.0469602
0.434343   -0.0462703
0.444444   -0.0455653
0.454545   -0.0448483
0.464646   -0.0441216
0.474747   -0.0433874
0.484848   -0.0426474
0.494949   -0.041903
0.505051   -0.0411554
0.515152   -0.0404051
0.525253   -0.0396528
0.535354   -0.0388986
0.545455   -0.0381426
0.555556   -0.0373845
0.565657   -0.0366241
0.575758   -0.0358609
0.585859   -0.0350945
0.59596   -0.0343242
0.606061   -0.0335496
0.616162   -0.03277
0.626263   -0.031985
0.636364   -0.0311941
0.646465   -0.030397
0.656566   -0.0295933
0.666667   -0.0287829
0.676768   -0.0279659
0.686869   -0.0271423
0.69697   -0.0263123
0.707071   -0.0254764
0.717172   -0.0246351
0.727273   -0.0237889
0.737374   -0.0229386
0.747475   -0.022085
0.757576   -0.021229
0.767677   -0.0203716
0.777778   -0.0195137
0.787879   -0.0186562
0.79798   -0.0178002
0.808081   -0.0169464
0.818182   -0.0160958
0.828283   -0.0152491
0.838384   -0.0144069
0.848485   -0.0135697
0.858586   -0.0127378
0.868687   -0.0119115
0.878788   -0.0110909
0.888889   -0.0102758
0.89899   -0.00946624
0.909091   -0.00866186
0.919192   -0.00786247
0.929293   -0.00706789
0.939394   -0.00627807
0.949495   -0.00549317
0.959596   -0.00471376
0.969697   -0.00394089
0.979798   -0.00317629
0.989899   -0.00242261
1   -0.00168363
