$Material for wing 4
MAT1        8001 7.1e+10            0.33    2810
PBAR        8001    8001 8.525-2 1.086-4 1.863-3   0.000 9.857-4   0.000
          0.0669  0.2677 -0.0669  0.2677 -0.0669 -0.2677  0.0669 -0.2677
CBAR        8001    8001    8001    8002 -0.0010 -0.6427  0.7661     GGG
PBAR        8002    8001 6.175-2 4.846-5 7.722-4   0.000 4.104-4   0.000
          0.0532  0.2128 -0.0532  0.2128 -0.0532 -0.2128  0.0532 -0.2128
CBAR        8002    8002    8002    8003 -0.0010 -0.6422  0.7666     GGG
PBAR        8003    8001 5.104-2 3.374-5 4.692-4   0.000 2.515-4   0.000
          0.0469  0.1878 -0.0469  0.1878 -0.0469 -0.1878  0.0469 -0.1878
CBAR        8003    8003    8003    8004 -0.0010 -0.6422  0.7666     GGG
PBAR        8004    8001 4.800-2 3.055-5 4.014-4   0.000 2.160-4   0.000
          0.0452  0.1807 -0.0452  0.1807 -0.0452 -0.1807  0.0452 -0.1807
CBAR        8004    8004    8004    8005 -0.0010 -0.6422  0.7666     GGG
$Set Grid Wing
SET1        8001    8001    8002    8003    8004    8005
$Wing's Wing CBAR elem IDs 
SET1        8002    8001    8002    8003    8004
RBE0        8001    8001    8005    8006    8007
RBE0        8002    8002    8007    8008    8009
RBE0        8003    8003    8009    8010    8011
RBE0        8004    8004    8011    8012    8013
RBE0        8005    8005    8013    8014    8015
$Wing Grid
GRID        8001       0 25.8522 17.0500 -0.7846       0
GRID        8002       0 26.2796 17.4969 -0.4096       0
GRID        8003       0 26.7071 17.9438 -0.0347       0
GRID        8004       0 27.1346 18.3907  0.3402       0
GRID        8005       0 27.5620 18.8376  0.7151       0
GRID        8006       0 25.5420 17.0502 -0.7848       0
GRID        8007       0 26.1623 17.0498 -0.7843       0
GRID        8008       0 26.1025 17.5965 -0.3264       0
GRID        8009       0 26.4660 17.3921 -0.4972       0
GRID        8010       0 26.5497 18.0324  0.0392       0
GRID        8011       0 26.8727 17.8507 -0.1125       0
GRID        8012       0 26.9968 18.4682  0.4049       0
GRID        8013       0 27.2795 18.3092  0.2721       0
GRID        8014       0 27.3759 18.8378  0.7150       0
GRID        8015       0 27.7481 18.8375  0.7153       0
PBAR        8501    8001 8.525-2 1.086-4 1.863-3   0.000 9.857-4   0.000
          0.0669  0.2677 -0.0669  0.2677 -0.0669 -0.2677  0.0669 -0.2677
CBAR        8501    8501    8501    8502  0.0010 -0.6427 -0.7661     GGG
PBAR        8502    8001 6.175-2 4.846-5 7.722-4   0.000 4.104-4   0.000
          0.0532  0.2128 -0.0532  0.2128 -0.0532 -0.2128  0.0532 -0.2128
CBAR        8502    8502    8502    8503  0.0010 -0.6422 -0.7666     GGG
PBAR        8503    8001 5.104-2 3.374-5 4.692-4   0.000 2.515-4   0.000
          0.0469  0.1878 -0.0469  0.1878 -0.0469 -0.1878  0.0469 -0.1878
CBAR        8503    8503    8503    8504  0.0010 -0.6422 -0.7666     GGG
PBAR        8504    8001 4.800-2 3.055-5 4.014-4   0.000 2.160-4   0.000
          0.0452  0.1807 -0.0452  0.1807 -0.0452 -0.1807  0.0452 -0.1807
CBAR        8504    8504    8504    8505  0.0010 -0.6422 -0.7666     GGG
$Set Grid Wing
SET1        8501    8501    8502    8503    8504    8505
$Wing's Wing CBAR elem IDs 
SET1        8502    8501    8502    8503    8504
RBE0        8501    8501    8505    8506    8507
RBE0        8502    8502    8507    8508    8509
RBE0        8503    8503    8509    8510    8511
RBE0        8504    8504    8511    8512    8513
RBE0        8505    8505    8513    8514    8515
$Wing Grid
GRID        8001       0 25.8522 17.0500 -0.7846       0
GRID        8002       0 26.2796 17.4969 -0.4096       0
GRID        8003       0 26.7071 17.9438 -0.0347       0
GRID        8004       0 27.1346 18.3907  0.3402       0
GRID        8005       0 27.5620 18.8376  0.7151       0
GRID        8006       0 25.5420 17.0502 -0.7848       0
GRID        8007       0 26.1623 17.0498 -0.7843       0
GRID        8008       0 26.1025 17.5965 -0.3264       0
GRID        8009       0 26.4660 17.3921 -0.4972       0
GRID        8010       0 26.5497 18.0324  0.0392       0
GRID        8011       0 26.8727 17.8507 -0.1125       0
GRID        8012       0 26.9968 18.4682  0.4049       0
GRID        8013       0 27.2795 18.3092  0.2721       0
GRID        8014       0 27.3759 18.8378  0.7150       0
GRID        8015       0 27.7481 18.8375  0.7153       0
GRID        8501       0 25.8522-17.0500 -0.7846       0
GRID        8502       0 26.2796-17.4969 -0.4096       0
GRID        8503       0 26.7071-17.9438 -0.0347       0
GRID        8504       0 27.1346-18.3907  0.3402       0
GRID        8505       0 27.5620-18.8376  0.7151       0
GRID        8506       0 25.5420-17.0502 -0.7848       0
GRID        8507       0 26.1623-17.0498 -0.7843       0
GRID        8508       0 26.1025-17.5965 -0.3264       0
GRID        8509       0 26.4660-17.3921 -0.4972       0
GRID        8510       0 26.5497-18.0324  0.0392       0
GRID        8511       0 26.8727-17.8507 -0.1125       0
GRID        8512       0 26.9968-18.4682  0.4049       0
GRID        8513       0 27.2795-18.3092  0.2721       0
GRID        8514       0 27.3759-18.8378  0.7150       0
GRID        8515       0 27.7481-18.8375  0.7153       0
