$Material for wing 1
MAT1        1001 7.1e+10            0.33    2810
PBAR        1001    1001 9.276-3 1.076-4 1.077-4   0.000 1.076-4   0.000
          0.1362  0.0000  0.0000  0.1363 -0.1362  0.0000  0.0000 -0.1363
CBAR        1001    1001    1001    1002 -0.0000  1.0000 -0.0003     GGG
PBAR        1002    1001 2.634-2 2.460-3 2.462-3   0.000 2.461-3   0.000
          0.3786  0.0000  0.0000  0.3789 -0.3786  0.0000  0.0000 -0.3789
CBAR        1002    1002    1002    1003  0.0006  0.9993  0.0385     GGG
PBAR        1003    1001 4.189-2 9.897-3 9.908-3   0.000 9.902-3   0.000
          0.5996  0.0000  0.0000  0.6001 -0.5996  0.0000  0.0000 -0.6001
CBAR        1003    1003    1003    1004  0.0005  0.9992  0.0397     GGG
PBAR        1004    1001 4.891-2 1.576-2 1.578-2   0.000 1.577-2   0.000
          0.6994  0.0000  0.0000  0.7000 -0.6994  0.0000  0.0000 -0.7000
CBAR        1004    1004    1004    1005 -0.0000  0.9992  0.0403     GGG
PBAR        1005    1001 4.891-2 1.576-2 1.578-2   0.000 1.577-2   0.000
          0.6994  0.0000  0.0000  0.7000 -0.6994  0.0000  0.0000 -0.7000
CBAR        1005    1005    1005    1006 -0.0000  0.9992  0.0403     GGG
PBAR        1006    1001 4.891-2 1.576-2 1.578-2   0.000 1.577-2   0.000
          0.6994  0.0000  0.0000  0.7000 -0.6994  0.0000  0.0000 -0.7000
CBAR        1006    1006    1006    1007 -0.0000  0.9992  0.0403     GGG
PBAR        1007    1001 4.891-2 1.576-2 1.578-2   0.000 1.577-2   0.000
          0.6994  0.0000  0.0000  0.7000 -0.6994  0.0000  0.0000 -0.7000
CBAR        1007    1007    1007    1008 -0.0000  0.9992  0.0403     GGG
PBAR        1008    1001 4.891-2 1.576-2 1.578-2   0.000 1.577-2   0.000
          0.6994  0.0000  0.0000  0.7000 -0.6994  0.0000  0.0000 -0.7000
CBAR        1008    1008    1008    1009 -0.0000  0.9992  0.0403     GGG
PBAR        1009    1001 4.891-2 1.576-2 1.578-2   0.000 1.577-2   0.000
          0.6994  0.0000  0.0000  0.7000 -0.6994  0.0000  0.0000 -0.7000
CBAR        1009    1009    1009    1010 -0.0000  0.9992  0.0403     GGG
PBAR        1010    1001 4.891-2 1.576-2 1.578-2   0.000 1.577-2   0.000
          0.6994  0.0000  0.0000  0.7000 -0.6994  0.0000  0.0000 -0.7000
CBAR        1010    1010    1010    1011 -0.0000  0.9992  0.0403     GGG
PBAR        1011    1001 4.891-2 1.576-2 1.578-2   0.000 1.577-2   0.000
          0.6994  0.0000  0.0000  0.7000 -0.6994  0.0000  0.0000 -0.7000
CBAR        1011    1011    1011    1012 -0.0000  0.9992  0.0403     GGG
PBAR        1012    1001 4.892-2 1.577-2 1.578-2   0.000 1.578-2   0.000
          0.6997  0.0000  0.0000  0.7000 -0.6997  0.0000  0.0000 -0.7000
CBAR        1012    1012    1012    1013 -0.0000  0.9992  0.0403     GGG
PBAR        1013    1001 3.130-2 4.132-3 4.133-3   0.000 4.133-3   0.000
          0.4494  0.0000  0.0000  0.4494 -0.4494  0.0000  0.0000 -0.4494
CBAR        1013    1013    1013    1014 -0.0016  0.9992  0.0402     GGG
PBAR        1014    1001 2.107-2 1.259-3 1.261-3   0.000 1.260-3   0.000
          0.3038  0.0000  0.0000  0.3040 -0.3038  0.0000  0.0000 -0.3040
CBAR        1014    1014    1014    1015 -0.0005  0.9995  0.0331     GGG
PBAR        1015    1001 4.984-2 1.666-2 1.669-2   0.000 1.668-2   0.000
          0.7125  0.0000  0.0000  0.7132 -0.7125  0.0000  0.0000 -0.7132
CBAR        1015    1015    1015    1016  0.0001 -0.9989 -0.0471     GGG
$Set Grid Wing
SET1        1001    1001    1002    1003    1004    1005    1006    1007
            1008    1009    1010    1011    1012    1013    1014    1015
            1016
$Wing's Wing CBAR elem IDs 
SET1        1002    1001    1002    1003    1004    1005    1006    1007
            1008    1009    1010    1011    1012    1013    1014    1015
RBE0        1001    1001    1017    1018    1019    1020
RBE0        1002    1002    1021    1022    1023    1024
RBE0        1003    1003    1025    1026    1027    1028
RBE0        1004    1004    1029    1030    1031    1032
RBE0        1005    1005    1033    1034    1035    1036
RBE0        1006    1006    1037    1038    1039    1040
RBE0        1007    1007    1041    1042    1043    1044
RBE0        1008    1008    1045    1046    1047    1048
RBE0        1009    1009    1049    1050    1051    1052
RBE0        1010    1010    1053    1054    1055    1056
RBE0        1011    1011    1057    1058    1059    1060
RBE0        1012    1012    1061    1062    1063    1064
RBE0        1013    1013    1065    1066    1067    1068
RBE0        1014    1014    1069    1070    1071    1072
RBE0        1015    1015    1073    1074    1075    1076
RBE0        1016    1016    1077    1078    1079    1080
$Wing Grid
GRID        1001       0  0.0000  0.0000 -0.0042       0
GRID        1002       0  0.5740  0.0000 -0.0127       0
GRID        1003       0  1.1480  0.0000 -0.0212       0
GRID        1004       0  1.7220  0.0000 -0.0282       0
GRID        1005       0  2.2960  0.0000 -0.0282       0
GRID        1006       0  2.8700  0.0000 -0.0282       0
GRID        1007       0  3.4440  0.0000 -0.0282       0
GRID        1008       0  4.0180  0.0000 -0.0282       0
GRID        1009       0  4.5920  0.0000 -0.0282       0
GRID        1010       0  5.1660  0.0000 -0.0282       0
GRID        1011       0  5.7400  0.0000 -0.0282       0
GRID        1012       0  6.3140  0.0000 -0.0282       0
GRID        1013       0  6.8880  0.0000 -0.0282       0
GRID        1014       0  7.4619  0.0000 -0.0055       0
GRID        1015       0  8.0359  0.0000  0.0027       0
GRID        1016       0  8.6099  0.0000  0.0042       0
GRID        1017       0  0.0000 -0.0150 -0.0042       0
GRID        1018       0 -0.0000  0.0150 -0.0042       0
GRID        1019       0  0.0002  0.0000  0.0109       0
GRID        1020       0 -0.0002 -0.0000 -0.0192       0
GRID        1021       0  0.5743 -0.2575  0.0072       0
GRID        1022       0  0.5740  0.2573 -0.0127       0
GRID        1023       0  0.5780  0.0000  0.2565       0
GRID        1024       0  0.5704  0.0198 -0.2580       0
GRID        1025       0  1.1485 -0.4999  0.0187       0
GRID        1026       0  1.1480  0.4997 -0.0212       0
GRID        1027       0  1.1544  0.0000  0.5015       0
GRID        1028       0  1.1422  0.0397 -0.4973       0
GRID        1029       0  1.7220 -0.6994  0.0282       0
GRID        1030       0  1.7220  0.6994 -0.0282       0
GRID        1031       0  1.7220  0.0000  0.7000       0
GRID        1032       0  1.7220  0.0563 -0.6977       0
GRID        1033       0  2.2960 -0.6994  0.0282       0
GRID        1034       0  2.2960  0.6994 -0.0282       0
GRID        1035       0  2.2960  0.0000  0.7000       0
GRID        1036       0  2.2960  0.0563 -0.6977       0
GRID        1037       0  2.8700 -0.6994  0.0282       0
GRID        1038       0  2.8700  0.6994 -0.0282       0
GRID        1039       0  2.8700  0.0000  0.7000       0
GRID        1040       0  2.8700  0.0563 -0.6977       0
GRID        1041       0  3.4440 -0.6994  0.0282       0
GRID        1042       0  3.4440  0.6994 -0.0282       0
GRID        1043       0  3.4440  0.0000  0.7000       0
GRID        1044       0  3.4440  0.0563 -0.6977       0
GRID        1045       0  4.0180 -0.6994  0.0282       0
GRID        1046       0  4.0180  0.6994 -0.0282       0
GRID        1047       0  4.0180  0.0000  0.7000       0
GRID        1048       0  4.0180  0.0563 -0.6977       0
GRID        1049       0  4.5920 -0.6994  0.0282       0
GRID        1050       0  4.5920  0.6994 -0.0282       0
GRID        1051       0  4.5920  0.0000  0.7000       0
GRID        1052       0  4.5920  0.0563 -0.6977       0
GRID        1053       0  5.1660 -0.6994  0.0282       0
GRID        1054       0  5.1660  0.6994 -0.0282       0
GRID        1055       0  5.1660  0.0000  0.7000       0
GRID        1056       0  5.1660  0.0563 -0.6977       0
GRID        1057       0  5.7400 -0.6994  0.0282       0
GRID        1058       0  5.7400  0.6994 -0.0282       0
GRID        1059       0  5.7400  0.0000  0.7000       0
GRID        1060       0  5.7400  0.0563 -0.6977       0
GRID        1061       0  6.3140 -0.6994  0.0282       0
GRID        1062       0  6.3140  0.6994 -0.0282       0
GRID        1063       0  6.3140  0.0000  0.7000       0
GRID        1064       0  6.3140  0.0563 -0.6977       0
GRID        1065       0  6.8857 -0.6994  0.0282       0
GRID        1066       0  6.8880  0.6994 -0.0282       0
GRID        1067       0  6.8591  0.0000  0.7000       0
GRID        1068       0  6.9144  0.0563 -0.6977       0
GRID        1069       0  7.4618 -0.1988  0.0080       0
GRID        1070       0  7.4619  0.1986 -0.0055       0
GRID        1071       0  7.4590  0.0000  0.2031       0
GRID        1072       0  7.4646  0.0132 -0.1941       0
GRID        1073       0  8.0360  0.4088 -0.0166       0
GRID        1074       0  8.0359 -0.4087  0.0221       0
GRID        1075       0  8.0370  0.0000 -0.4075       0
GRID        1076       0  8.0349 -0.0385  0.4092       0
GRID        1077       0  8.6099  1.0161 -0.0411       0
GRID        1078       0  8.6099 -1.0161  0.0496       0
GRID        1079       0  8.6099  0.0000 -1.0128       0
GRID        1080       0  8.6099 -0.0907  1.0176       0
