$-------2-------3-------4-------5-------6-------7-------8-------9-------10
Wing 6 
$-------2-------3-------4-------5-------6-------7-------8-------9-------10
$Section 1
CAERO1  10101   40.0000 0       2       6       0012    0012    1       
        18.2766 17.0500 1.1487  1.5545  2.3336  0.6000  37.6856 0.0722  0.0722  
SPLINE1    10101   10101       1      12   10101
SET1       10101   10001   10002   10003   10004   10005   10006   10007
$-------2-------3-------4-------5-------6-------7-------8-------9-------10
Symmetry of Wing 6 
$-------2-------3-------4-------5-------6-------7-------8-------9-------10
$Section 1
CAERO1  10601   140.00000       2       6       0012    0012    1       
        18.2766 -17.05001.1487  1.5545  2.3336  0.6000  37.6856 -0.0722 -0.0722 
SPLINE1    10601   10601       1      12   10601
SET1       10601   10501   10502   10503   10504   10505   10506   10507
