$Material for wing 5
MAT1        8001 7.1e+10            0.33    2810
PBAR        8001    8001 8.078-2 1.014-4 1.734-3   0.000 9.175-4   0.000
          0.0659  0.2636 -0.0659  0.2636 -0.0659 -0.2636  0.0659 -0.2636
CBAR        8001    8001    8001    8002 -0.0010 -0.6427  0.7661     GGG
PBAR        8002    8001 5.502-2 3.840-5 6.064-4   0.000 3.224-4   0.000
          0.0501  0.2003 -0.0501  0.2003 -0.0501 -0.2003  0.0501 -0.2003
CBAR        8002    8002    8002    8003 -0.0010 -0.6422  0.7666     GGG
PBAR        8003    8001 4.873-2 3.034-5 4.410-4   0.000 2.357-4   0.000
          0.0462  0.1848 -0.0462  0.1848 -0.0462 -0.1848  0.0462 -0.1848
CBAR        8003    8003    8003    8004 -0.0010 -0.6422  0.7666     GGG
$Set Grid Wing
SET1        8001    8001    8002    8003    8004
$Wing's Wing CBAR elem IDs 
SET1        8002    8001    8002    8003
RBE0        8001    8001    8004    8005    8006
RBE0        8002    8002    8006    8007    8008
RBE0        8003    8003    8008    8009    8010
RBE0        8004    8004    8010    8011    8012
$Wing Grid
GRID        8001       0 25.8522 17.0500 -0.7846       0
GRID        8002       0 26.4221 17.6459 -0.2847       0
GRID        8003       0 26.9921 18.2418  0.2152       0
GRID        8004       0 27.5620 18.8376  0.7151       0
GRID        8005       0 25.5420 17.0502 -0.7848       0
GRID        8006       0 26.1623 17.0498 -0.7843       0
GRID        8007       0 26.2516 17.7418 -0.2045       0
GRID        8008       0 26.6016 17.5450 -0.3690       0
GRID        8009       0 26.8478 18.3229  0.2830       0
GRID        8010       0 27.1439 18.1564  0.1439       0
GRID        8011       0 27.3759 18.8378  0.7150       0
GRID        8012       0 27.7481 18.8375  0.7153       0
PBAR        8501    8001 8.078-2 1.014-4 1.734-3   0.000 9.175-4   0.000
          0.0659  0.2636 -0.0659  0.2636 -0.0659 -0.2636  0.0659 -0.2636
CBAR        8501    8501    8501    8502  0.0010 -0.6427 -0.7661     GGG
PBAR        8502    8001 5.502-2 3.840-5 6.064-4   0.000 3.224-4   0.000
          0.0501  0.2003 -0.0501  0.2003 -0.0501 -0.2003  0.0501 -0.2003
CBAR        8502    8502    8502    8503  0.0010 -0.6422 -0.7666     GGG
PBAR        8503    8001 4.873-2 3.034-5 4.410-4   0.000 2.357-4   0.000
          0.0462  0.1848 -0.0462  0.1848 -0.0462 -0.1848  0.0462 -0.1848
CBAR        8503    8503    8503    8504  0.0010 -0.6422 -0.7666     GGG
$Set Grid Wing
SET1        8501    8501    8502    8503    8504
$Wing's Wing CBAR elem IDs 
SET1        8502    8501    8502    8503
RBE0        8501    8501    8504    8505    8506
RBE0        8502    8502    8506    8507    8508
RBE0        8503    8503    8508    8509    8510
RBE0        8504    8504    8510    8511    8512
$Wing Grid
GRID        8001       0 25.8522 17.0500 -0.7846       0
GRID        8002       0 26.4221 17.6459 -0.2847       0
GRID        8003       0 26.9921 18.2418  0.2152       0
GRID        8004       0 27.5620 18.8376  0.7151       0
GRID        8005       0 25.5420 17.0502 -0.7848       0
GRID        8006       0 26.1623 17.0498 -0.7843       0
GRID        8007       0 26.2516 17.7418 -0.2045       0
GRID        8008       0 26.6016 17.5450 -0.3690       0
GRID        8009       0 26.8478 18.3229  0.2830       0
GRID        8010       0 27.1439 18.1564  0.1439       0
GRID        8011       0 27.3759 18.8378  0.7150       0
GRID        8012       0 27.7481 18.8375  0.7153       0
GRID        8501       0 25.8522-17.0500 -0.7846       0
GRID        8502       0 26.4221-17.6459 -0.2847       0
GRID        8503       0 26.9921-18.2418  0.2152       0
GRID        8504       0 27.5620-18.8376  0.7151       0
GRID        8505       0 25.5420-17.0502 -0.7848       0
GRID        8506       0 26.1623-17.0498 -0.7843       0
GRID        8507       0 26.2516-17.7418 -0.2045       0
GRID        8508       0 26.6016-17.5450 -0.3690       0
GRID        8509       0 26.8478-18.3229  0.2830       0
GRID        8510       0 27.1439-18.1564  0.1439       0
GRID        8511       0 27.3759-18.8378  0.7150       0
GRID        8512       0 27.7481-18.8375  0.7153       0
