$-------2-------3-------4-------5-------6-------7-------8-------9-------10
Wing 3 
$-------2-------3-------4-------5-------6-------7-------8-------9-------10
$Section 1
CAERO1  4101    90.0000 0       4       4       0012    0012    1       
        36.2756 0.0000  1.7254  6.3497  3.4415  0.6800  37.0996 -0.0722 -0.0722 
        1       0.3000  0.3000  3       ruVT1r  
SPLINE1     4101    4101       1      28    4101
SET1        4101    4001    4002    4003    4004    4005    4006
$-------2-------3-------4-------5-------6-------7-------8-------9-------10
$Section 2
CAERO1  4102    90.0000 0       3       4       0012    0012    1       
        39.3863 0.0000  5.1669  4.3178  3.4415  0.5147  36.9311 -0.0722 -0.0722 
        1       0.3000  0.3000  3       ruVT2r  
SPLINE1     4102    4102       1      21    4102
SET1        4102    4006    4007    4008    4009    4010    4011
