$-------2-------3-------4-------5-------6-------7-------8-------9-------10
Wing 1 
$-------2-------3-------4-------5-------6-------7-------8-------9-------10
$Section 1
CAERO1  2101    -2.6000 0       6       4       0012    0012    1       
        3.9180  0.0000  -0.1680 2.0716  2.0832  0.5600  14.2630 0.0722  0.0722  
SPLINE1     2101    2101       1      24    2101
SET1        2101    2001    2002    2003    2004    2005
$-------2-------3-------4-------5-------6-------7-------8-------9-------10
$Section 2
CAERO1  2102    -2.6000 0       10      4       0012    0012    1       
        4.6754  2.0811  -0.2625 1.1601  4.5493  0.8036  19.3448 0.0722  0.0722  
SPLINE1     2102    2102       1      40    2102
SET1        2102    2005    2006    2007    2008    2009    2010    2011
            2012    2013
$-------2-------3-------4-------5-------6-------7-------8-------9-------10
$Section 3
CAERO1  2103    -2.6000 0       8       4       0012    0012    1       
        6.3296  6.6257  -0.4689 0.9322  2.7090  0.8889  19.4958 0.0722  0.0722  
SPLINE1     2103    2103       1      32    2103
SET1        2103    2013    2014    2015    2016    2017    2018    2019
$-------2-------3-------4-------5-------6-------7-------8-------9-------10
Symmetry of Wing 1 
$-------2-------3-------4-------5-------6-------7-------8-------9-------10
$Section 1
CAERO1  2601    -177.40000       6       4       0012    0012    1       
        3.9180  -0.0000 -0.1680 2.0716  2.0832  0.5600  14.2630 0.0722  0.0722  
SPLINE1     2601    2601       1      24    2601
SET1        2601    2501    2502    2503    2504    2505
$-------2-------3-------4-------5-------6-------7-------8-------9-------10
$Section 2
CAERO1  2602    -177.40000       10      4       0012    0012    1       
        4.6754  -2.0811 -0.2625 1.1601  4.5493  0.8036  19.3448 0.0722  0.0722  
SPLINE1     2602    2602       1      40    2602
SET1        2602    2505    2506    2507    2508    2509    2510    2511
            2512    2513
$-------2-------3-------4-------5-------6-------7-------8-------9-------10
$Section 3
CAERO1  2603    -177.40000       8       4       0012    0012    1       
        6.3296  -6.6257 -0.4689 0.9322  2.7090  0.8889  19.4958 0.0722  0.0722  
SPLINE1     2603    2603       1      32    2603
SET1        2603    2513    2514    2515    2516    2517    2518    2519
