$-------2-------3-------4-------5-------6-------7-------8-------9-------10
Wing 1 
$-------2-------3-------4-------5-------6-------7-------8-------9-------10
$Section 1
CAERO1  2101    5.6810  0       4       4       0012    0012    1       
        14.5770 0.0000  -1.4220 8.8158  5.8496  0.5800  24.8708 0.5883  0.0430  
        1       0.1000  0.1740  3       flW11r  
SPLINE1     2101    2101       1      28    2101
SET1        2101    2001    2002    2003    2004    2005    2006
$-------2-------3-------4-------5-------6-------7-------8-------9-------10
$Section 2
CAERO1  2102    0.2940  0       4       4       0012    0012    1       
        18.2143 5.8209  -0.8430 5.1134  6.9667  0.5516  28.4834 0.0430  1.2652  
        1       0.1740  0.1740  3       flW12r  
SPLINE1     2102    2102       1      28    2102
SET1        2102    2006    2007    2008    2009    2010    2011
$-------2-------3-------4-------5-------6-------7-------8-------9-------10
$Section 3
CAERO1  2103    0.2940  0       4       4       0012    0012    1       
        22.5675 12.7875 -0.8072 2.8205  4.2625  0.5500  28.8294 1.2652  1.2652  
        1       0.1760  0.1760  3       aiW13r  
SPLINE1     2103    2103       1      28    2103
SET1        2103    2011    2012    2013    2014    2015    2016
$-------2-------3-------4-------5-------6-------7-------8-------9-------10
Symmetry of Wing 1 
$-------2-------3-------4-------5-------6-------7-------8-------9-------10
$Section 1
CAERO1  2601    174.31900       4       4       0012    0012    1       
        14.5770 -0.0000 -1.4220 8.8158  5.8496  0.5800  24.8708 -0.5883 -0.0430 
        1       0.1000  0.1740  3       flW11l  
SPLINE1     2601    2601       1      28    2601
SET1        2601    2501    2502    2503    2504    2505    2506
$-------2-------3-------4-------5-------6-------7-------8-------9-------10
$Section 2
CAERO1  2602    179.70600       4       4       0012    0012    1       
        18.2143 -5.8209 -0.8430 5.1134  6.9667  0.5516  28.4834 -0.0430 -1.2652 
        1       0.1740  0.1740  3       flW12l  
SPLINE1     2602    2602       1      28    2602
SET1        2602    2506    2507    2508    2509    2510    2511
$-------2-------3-------4-------5-------6-------7-------8-------9-------10
$Section 3
CAERO1  2603    179.70600       4       4       0012    0012    1       
        22.5675 -12.7875-0.8072 2.8205  4.2625  0.5500  28.8294 -1.2652 -1.2652 
        1       0.1760  0.1760  3       aiW13l  
SPLINE1     2603    2603       1      28    2603
SET1        2603    2511    2512    2513    2514    2515    2516
