$-------2-------3-------4-------5-------6-------7-------8-------9-------10
$Coordinates System for Aerodynamic Body
CORD2R      1001       0  0.0000  0.0000  0.0002  0.0000  0.0000  1.0002
          1.0000  0.0000  1.0002
$Aerodynamic Body
CAEROB  1       0.0000  0.0000  0.0002  1001    7.61    16      1       
        0       0.015   0.07543 0.2575  0.1509  0.5     0.2263  0.6997  
        0.3017  0.6997  0.3771  0.6997  0.4526  0.6997  0.528   0.6997  
        0.6034  0.6997  0.6788  0.6997  0.7543  0.6997  0.8297  0.6997  
        0.9051  0.7     0.9806  0.1988  1.056   0.409   1.131   1.017   ENDT
