$Material for wing 1
MAT1        2001 7.1e+10            0.33    2810
PBAR        2001    2001 3.382-2 2.306-4 2.236-3   0.000 1.233-3   0.000
          0.0971  0.3884 -0.0971  0.3884 -0.0971 -0.3884  0.0971 -0.3884
CBAR        2001    2001    2001    2002 -0.0013  0.0456  0.9990     GGG
PBAR        2002    2001 2.945-2 1.499-4 1.479-3   0.000 8.146-4   0.000
          0.0850  0.3401 -0.0850  0.3401 -0.0850 -0.3401  0.0850 -0.3401
CBAR        2002    2002    2002    2003 -0.0013  0.0458  0.9989     GGG
PBAR        2003    2001 2.540-2 9.439-5 9.513-4   0.000 5.228-4   0.000
          0.0738  0.2953 -0.0738  0.2953 -0.0738 -0.2953  0.0738 -0.2953
CBAR        2003    2003    2003    2004 -0.0013  0.0458  0.9989     GGG
PBAR        2004    2001 2.134-2 5.459-5 5.664-4   0.000 3.105-4   0.000
          0.0626  0.2504 -0.0626  0.2504 -0.0626 -0.2504  0.0626 -0.2504
CBAR        2004    2004    2004    2005 -0.0013  0.0458  0.9989     GGG
PBAR        2005    2001 1.868-2 3.581-5 3.812-4   0.000 2.085-4   0.000
          0.0552  0.2210 -0.0552  0.2210 -0.0552 -0.2210  0.0552 -0.2210
CBAR        2005    2005    2005    2006 -0.0013  0.0458  0.9989     GGG
PBAR        2006    2001 1.781-2 3.076-5 3.307-4   0.000 1.807-4   0.000
          0.0528  0.2114 -0.0528  0.2114 -0.0528 -0.2114  0.0528 -0.2114
CBAR        2006    2006    2006    2007 -0.0013  0.0458  0.9989     GGG
PBAR        2007    2001 1.732-2 2.816-5 3.046-4   0.000 1.664-4   0.000
          0.0515  0.2060 -0.0515  0.2060 -0.0515 -0.2060  0.0515 -0.2060
CBAR        2007    2007    2007    2008 -0.0013  0.0458  0.9989     GGG
PBAR        2008    2001 1.683-2 2.571-5 2.798-4   0.000 1.528-4   0.000
          0.0501  0.2006 -0.0501  0.2006 -0.0501 -0.2006  0.0501 -0.2006
CBAR        2008    2008    2008    2009 -0.0013  0.0458  0.9989     GGG
PBAR        2009    2001 1.635-2 2.340-5 2.564-4   0.000 1.399-4   0.000
          0.0488  0.1952 -0.0488  0.1952 -0.0488 -0.1952  0.0488 -0.1952
CBAR        2009    2009    2009    2010 -0.0013  0.0458  0.9989     GGG
PBAR        2010    2001 1.586-2 2.124-5 2.344-4   0.000 1.278-4   0.000
          0.0475  0.1898 -0.0475  0.1898 -0.0475 -0.1898  0.0475 -0.1898
CBAR        2010    2010    2010    2011 -0.0013  0.0458  0.9989     GGG
PBAR        2011    2001 1.537-2 1.922-5 2.137-4   0.000 1.165-4   0.000
          0.0461  0.1844 -0.0461  0.1844 -0.0461 -0.1844  0.0461 -0.1844
CBAR        2011    2011    2011    2012 -0.0013  0.0458  0.9989     GGG
PBAR        2012    2001 1.488-2 1.732-5 1.941-4   0.000 1.057-4   0.000
          0.0447  0.1790 -0.0447  0.1790 -0.0447 -0.1790  0.0447 -0.1790
CBAR        2012    2012    2012    2013 -0.0013  0.0458  0.9989     GGG
PBAR        2013    2001 1.448-2 1.586-5 1.790-4   0.000 9.741-5   0.000
          0.0436  0.1745 -0.0436  0.1745 -0.0436 -0.1745  0.0436 -0.1745
CBAR        2013    2013    2013    2014 -0.0013  0.0458  0.9989     GGG
PBAR        2014    2001 1.418-2 1.481-5 1.681-4   0.000 9.143-5   0.000
          0.0428  0.1712 -0.0428  0.1712 -0.0428 -0.1712  0.0428 -0.1712
CBAR        2014    2014    2014    2015 -0.0013  0.0458  0.9989     GGG
PBAR        2015    2001 1.388-2 1.384-5 1.579-4   0.000 8.588-5   0.000
          0.0420  0.1679 -0.0420  0.1679 -0.0420 -0.1679  0.0420 -0.1679
CBAR        2015    2015    2015    2016 -0.0013  0.0458  0.9989     GGG
PBAR        2016    2001 1.359-2 1.292-5 1.482-4   0.000 8.055-5   0.000
          0.0412  0.1647 -0.0412  0.1647 -0.0412 -0.1647  0.0412 -0.1647
CBAR        2016    2016    2016    2017 -0.0013  0.0458  0.9989     GGG
PBAR        2017    2001 1.329-2 1.203-5 1.389-4   0.000 7.545-5   0.000
          0.0404  0.1614 -0.0404  0.1614 -0.0404 -0.1614  0.0404 -0.1614
CBAR        2017    2017    2017    2018 -0.0013  0.0458  0.9989     GGG
PBAR        2018    2001 1.341-2 1.239-5 1.427-4   0.000 7.753-5   0.000
          0.0407  0.1628 -0.0407  0.1628 -0.0407 -0.1628  0.0407 -0.1628
CBAR        2018    2018    2018    2019 -0.0013  0.0458  0.9989     GGG
$Set Grid Wing
SET1        2001    2001    2002    2003    2004    2005    2006    2007
            2008    2009    2010    2011    2012    2013    2014    2015
            2016    2017    2018    2019
$Wing's Wing CBAR elem IDs 
SET1        2002    2001    2002    2003    2004    2005    2006    2007
            2008    2009    2010    2011    2012    2013    2014    2015
            2016    2017    2018
RBE0        2001    2001    2019    2020    2021
RBE0        2002    2002    2021    2022    2023
RBE0        2003    2003    2023    2024    2025
RBE0        2004    2004    2025    2026    2027
RBE0        2005    2005    2027    2028    2029
RBE0        2006    2006    2029    2030    2031
RBE0        2007    2007    2031    2032    2033
RBE0        2008    2008    2033    2034    2035
RBE0        2009    2009    2035    2036    2037
RBE0        2010    2010    2037    2038    2039
RBE0        2011    2011    2039    2040    2041
RBE0        2012    2012    2041    2042    2043
RBE0        2013    2013    2043    2044    2045
RBE0        2014    2014    2045    2046    2047
RBE0        2015    2015    2047    2048    2049
RBE0        2016    2016    2049    2050    2051
RBE0        2017    2017    2051    2052    2053
RBE0        2018    2018    2053    2054    2055
RBE0        2019    2019    2055    2056    2057
$Wing Grid
GRID        2001       0  4.7466  0.0000 -0.1670       0
GRID        2002       0  4.8449  0.5203 -0.1907       0
GRID        2003       0  4.9431  1.0405 -0.2144       0
GRID        2004       0  5.0413  1.5608 -0.2382       0
GRID        2005       0  5.1395  2.0811 -0.2619       0
GRID        2006       0  5.3349  2.6491 -0.2877       0
GRID        2007       0  5.5302  3.2172 -0.3135       0
GRID        2008       0  5.7256  3.7853 -0.3393       0
GRID        2009       0  5.9210  4.3534 -0.3652       0
GRID        2010       0  6.1163  4.9215 -0.3910       0
GRID        2011       0  6.3117  5.4895 -0.4168       0
GRID        2012       0  6.5071  6.0576 -0.4426       0
GRID        2013       0  6.7025  6.6257 -0.4684       0
GRID        2014       0  6.8597  7.0768 -0.4889       0
GRID        2015       0  7.0170  7.5278 -0.5094       0
GRID        2016       0  7.1742  7.9788 -0.5299       0
GRID        2017       0  7.3315  8.4299 -0.5504       0
GRID        2018       0  7.4888  8.8809 -0.5709       0
GRID        2019       0  7.6460  9.3320 -0.5913       0
GRID        2020       0  4.3323 -0.0000 -0.1675       0
GRID        2021       0  5.1610  0.0000 -0.1664       0
GRID        2022       0  4.4943  0.5863 -0.1942       0
GRID        2023       0  5.2067  0.4521 -0.1871       0
GRID        2024       0  4.6359  1.0984 -0.2175       0
GRID        2025       0  5.2602  0.9808 -0.2113       0
GRID        2026       0  4.7774  1.6105 -0.2408       0
GRID        2027       0  5.3137  1.5095 -0.2355       0
GRID        2028       0  4.9326  2.1521 -0.2654       0
GRID        2029       0  5.3637  2.0041 -0.2581       0
GRID        2030       0  5.1330  2.7184 -0.2912       0
GRID        2031       0  5.5379  2.5795 -0.2843       0
GRID        2032       0  5.3335  3.2847 -0.3169       0
GRID        2033       0  5.7282  3.1493 -0.3102       0
GRID        2034       0  5.5339  3.8511 -0.3426       0
GRID        2035       0  5.9184  3.7191 -0.3361       0
GRID        2036       0  5.7344  4.4174 -0.3683       0
GRID        2037       0  6.1087  4.2890 -0.3620       0
GRID        2038       0  5.9348  4.9837 -0.3941       0
GRID        2039       0  6.2990  4.8588 -0.3879       0
GRID        2040       0  6.1353  5.5501 -0.4198       0
GRID        2041       0  6.4892  5.4286 -0.4138       0
GRID        2042       0  6.3358  6.1164 -0.4455       0
GRID        2043       0  6.6795  5.9985 -0.4397       0
GRID        2044       0  6.5366  6.6834 -0.4713       0
GRID        2045       0  6.8695  6.5676 -0.4655       0
GRID        2046       0  6.6969  7.1334 -0.4917       0
GRID        2047       0  7.0233  7.0198 -0.4861       0
GRID        2048       0  6.8572  7.5834 -0.5121       0
GRID        2049       0  7.1775  7.4720 -0.5066       0
GRID        2050       0  7.0176  8.0333 -0.5326       0
GRID        2051       0  7.3317  7.9241 -0.5272       0
GRID        2052       0  7.1779  8.4833 -0.5530       0
GRID        2053       0  7.4858  8.3762 -0.5477       0
GRID        2054       0  7.3382  8.9333 -0.5734       0
GRID        2055       0  7.6400  8.8283 -0.5682       0
GRID        2056       0  7.4803  9.3320 -0.5916       0
GRID        2057       0  7.8118  9.3320 -0.5911       0
PBAR        2501    2001 3.382-2 2.306-4 2.236-3   0.000 1.233-3   0.000
          0.0971  0.3884 -0.0971  0.3884 -0.0971 -0.3884  0.0971 -0.3884
CBAR        2501    2501    2501    2502  0.0013  0.0456 -0.9990     GGG
PBAR        2502    2001 2.945-2 1.499-4 1.479-3   0.000 8.146-4   0.000
          0.0850  0.3401 -0.0850  0.3401 -0.0850 -0.3401  0.0850 -0.3401
CBAR        2502    2502    2502    2503  0.0013  0.0458 -0.9989     GGG
PBAR        2503    2001 2.540-2 9.439-5 9.513-4   0.000 5.228-4   0.000
          0.0738  0.2953 -0.0738  0.2953 -0.0738 -0.2953  0.0738 -0.2953
CBAR        2503    2503    2503    2504  0.0013  0.0458 -0.9989     GGG
PBAR        2504    2001 2.134-2 5.459-5 5.664-4   0.000 3.105-4   0.000
          0.0626  0.2504 -0.0626  0.2504 -0.0626 -0.2504  0.0626 -0.2504
CBAR        2504    2504    2504    2505  0.0013  0.0458 -0.9989     GGG
PBAR        2505    2001 1.868-2 3.581-5 3.812-4   0.000 2.085-4   0.000
          0.0552  0.2210 -0.0552  0.2210 -0.0552 -0.2210  0.0552 -0.2210
CBAR        2505    2505    2505    2506  0.0013  0.0458 -0.9989     GGG
PBAR        2506    2001 1.781-2 3.076-5 3.307-4   0.000 1.807-4   0.000
          0.0528  0.2114 -0.0528  0.2114 -0.0528 -0.2114  0.0528 -0.2114
CBAR        2506    2506    2506    2507  0.0013  0.0458 -0.9989     GGG
PBAR        2507    2001 1.732-2 2.816-5 3.046-4   0.000 1.664-4   0.000
          0.0515  0.2060 -0.0515  0.2060 -0.0515 -0.2060  0.0515 -0.2060
CBAR        2507    2507    2507    2508  0.0013  0.0458 -0.9989     GGG
PBAR        2508    2001 1.683-2 2.571-5 2.798-4   0.000 1.528-4   0.000
          0.0501  0.2006 -0.0501  0.2006 -0.0501 -0.2006  0.0501 -0.2006
CBAR        2508    2508    2508    2509  0.0013  0.0458 -0.9989     GGG
PBAR        2509    2001 1.635-2 2.340-5 2.564-4   0.000 1.399-4   0.000
          0.0488  0.1952 -0.0488  0.1952 -0.0488 -0.1952  0.0488 -0.1952
CBAR        2509    2509    2509    2510  0.0013  0.0458 -0.9989     GGG
PBAR        2510    2001 1.586-2 2.124-5 2.344-4   0.000 1.278-4   0.000
          0.0475  0.1898 -0.0475  0.1898 -0.0475 -0.1898  0.0475 -0.1898
CBAR        2510    2510    2510    2511  0.0013  0.0458 -0.9989     GGG
PBAR        2511    2001 1.537-2 1.922-5 2.137-4   0.000 1.165-4   0.000
          0.0461  0.1844 -0.0461  0.1844 -0.0461 -0.1844  0.0461 -0.1844
CBAR        2511    2511    2511    2512  0.0013  0.0458 -0.9989     GGG
PBAR        2512    2001 1.488-2 1.732-5 1.941-4   0.000 1.057-4   0.000
          0.0447  0.1790 -0.0447  0.1790 -0.0447 -0.1790  0.0447 -0.1790
CBAR        2512    2512    2512    2513  0.0013  0.0458 -0.9989     GGG
PBAR        2513    2001 1.448-2 1.586-5 1.790-4   0.000 9.741-5   0.000
          0.0436  0.1745 -0.0436  0.1745 -0.0436 -0.1745  0.0436 -0.1745
CBAR        2513    2513    2513    2514  0.0013  0.0458 -0.9989     GGG
PBAR        2514    2001 1.418-2 1.481-5 1.681-4   0.000 9.143-5   0.000
          0.0428  0.1712 -0.0428  0.1712 -0.0428 -0.1712  0.0428 -0.1712
CBAR        2514    2514    2514    2515  0.0013  0.0458 -0.9989     GGG
PBAR        2515    2001 1.388-2 1.384-5 1.579-4   0.000 8.588-5   0.000
          0.0420  0.1679 -0.0420  0.1679 -0.0420 -0.1679  0.0420 -0.1679
CBAR        2515    2515    2515    2516  0.0013  0.0458 -0.9989     GGG
PBAR        2516    2001 1.359-2 1.292-5 1.482-4   0.000 8.055-5   0.000
          0.0412  0.1647 -0.0412  0.1647 -0.0412 -0.1647  0.0412 -0.1647
CBAR        2516    2516    2516    2517  0.0013  0.0458 -0.9989     GGG
PBAR        2517    2001 1.329-2 1.203-5 1.389-4   0.000 7.545-5   0.000
          0.0404  0.1614 -0.0404  0.1614 -0.0404 -0.1614  0.0404 -0.1614
CBAR        2517    2517    2517    2518  0.0013  0.0458 -0.9989     GGG
PBAR        2518    2001 1.341-2 1.239-5 1.427-4   0.000 7.753-5   0.000
          0.0407  0.1628 -0.0407  0.1628 -0.0407 -0.1628  0.0407 -0.1628
CBAR        2518    2518    2518    2519  0.0013  0.0458 -0.9989     GGG
$Set Grid Wing
SET1        2501    2501    2502    2503    2504    2505    2506    2507
            2508    2509    2510    2511    2512    2513    2514    2515
            2516    2517    2518    2519
$Wing's Wing CBAR elem IDs 
SET1        2502    2501    2502    2503    2504    2505    2506    2507
            2508    2509    2510    2511    2512    2513    2514    2515
            2516    2517    2518
RBE0        2501    2501    2519    2520    2521
RBE0        2502    2502    2521    2522    2523
RBE0        2503    2503    2523    2524    2525
RBE0        2504    2504    2525    2526    2527
RBE0        2505    2505    2527    2528    2529
RBE0        2506    2506    2529    2530    2531
RBE0        2507    2507    2531    2532    2533
RBE0        2508    2508    2533    2534    2535
RBE0        2509    2509    2535    2536    2537
RBE0        2510    2510    2537    2538    2539
RBE0        2511    2511    2539    2540    2541
RBE0        2512    2512    2541    2542    2543
RBE0        2513    2513    2543    2544    2545
RBE0        2514    2514    2545    2546    2547
RBE0        2515    2515    2547    2548    2549
RBE0        2516    2516    2549    2550    2551
RBE0        2517    2517    2551    2552    2553
RBE0        2518    2518    2553    2554    2555
RBE0        2519    2519    2555    2556    2557
$Wing Grid
GRID        2001       0  4.7466  0.0000 -0.1670       0
GRID        2002       0  4.8449  0.5203 -0.1907       0
GRID        2003       0  4.9431  1.0405 -0.2144       0
GRID        2004       0  5.0413  1.5608 -0.2382       0
GRID        2005       0  5.1395  2.0811 -0.2619       0
GRID        2006       0  5.3349  2.6491 -0.2877       0
GRID        2007       0  5.5302  3.2172 -0.3135       0
GRID        2008       0  5.7256  3.7853 -0.3393       0
GRID        2009       0  5.9210  4.3534 -0.3652       0
GRID        2010       0  6.1163  4.9215 -0.3910       0
GRID        2011       0  6.3117  5.4895 -0.4168       0
GRID        2012       0  6.5071  6.0576 -0.4426       0
GRID        2013       0  6.7025  6.6257 -0.4684       0
GRID        2014       0  6.8597  7.0768 -0.4889       0
GRID        2015       0  7.0170  7.5278 -0.5094       0
GRID        2016       0  7.1742  7.9788 -0.5299       0
GRID        2017       0  7.3315  8.4299 -0.5504       0
GRID        2018       0  7.4888  8.8809 -0.5709       0
GRID        2019       0  7.6460  9.3320 -0.5913       0
GRID        2020       0  4.3323 -0.0000 -0.1675       0
GRID        2021       0  5.1610  0.0000 -0.1664       0
GRID        2022       0  4.4943  0.5863 -0.1942       0
GRID        2023       0  5.2067  0.4521 -0.1871       0
GRID        2024       0  4.6359  1.0984 -0.2175       0
GRID        2025       0  5.2602  0.9808 -0.2113       0
GRID        2026       0  4.7774  1.6105 -0.2408       0
GRID        2027       0  5.3137  1.5095 -0.2355       0
GRID        2028       0  4.9326  2.1521 -0.2654       0
GRID        2029       0  5.3637  2.0041 -0.2581       0
GRID        2030       0  5.1330  2.7184 -0.2912       0
GRID        2031       0  5.5379  2.5795 -0.2843       0
GRID        2032       0  5.3335  3.2847 -0.3169       0
GRID        2033       0  5.7282  3.1493 -0.3102       0
GRID        2034       0  5.5339  3.8511 -0.3426       0
GRID        2035       0  5.9184  3.7191 -0.3361       0
GRID        2036       0  5.7344  4.4174 -0.3683       0
GRID        2037       0  6.1087  4.2890 -0.3620       0
GRID        2038       0  5.9348  4.9837 -0.3941       0
GRID        2039       0  6.2990  4.8588 -0.3879       0
GRID        2040       0  6.1353  5.5501 -0.4198       0
GRID        2041       0  6.4892  5.4286 -0.4138       0
GRID        2042       0  6.3358  6.1164 -0.4455       0
GRID        2043       0  6.6795  5.9985 -0.4397       0
GRID        2044       0  6.5366  6.6834 -0.4713       0
GRID        2045       0  6.8695  6.5676 -0.4655       0
GRID        2046       0  6.6969  7.1334 -0.4917       0
GRID        2047       0  7.0233  7.0198 -0.4861       0
GRID        2048       0  6.8572  7.5834 -0.5121       0
GRID        2049       0  7.1775  7.4720 -0.5066       0
GRID        2050       0  7.0176  8.0333 -0.5326       0
GRID        2051       0  7.3317  7.9241 -0.5272       0
GRID        2052       0  7.1779  8.4833 -0.5530       0
GRID        2053       0  7.4858  8.3762 -0.5477       0
GRID        2054       0  7.3382  8.9333 -0.5734       0
GRID        2055       0  7.6400  8.8283 -0.5682       0
GRID        2056       0  7.4803  9.3320 -0.5916       0
GRID        2057       0  7.8118  9.3320 -0.5911       0
GRID        2501       0  4.7466 -0.0000 -0.1670       0
GRID        2502       0  4.8449 -0.5203 -0.1907       0
GRID        2503       0  4.9431 -1.0405 -0.2144       0
GRID        2504       0  5.0413 -1.5608 -0.2382       0
GRID        2505       0  5.1395 -2.0811 -0.2619       0
GRID        2506       0  5.3349 -2.6491 -0.2877       0
GRID        2507       0  5.5302 -3.2172 -0.3135       0
GRID        2508       0  5.7256 -3.7853 -0.3393       0
GRID        2509       0  5.9210 -4.3534 -0.3652       0
GRID        2510       0  6.1163 -4.9215 -0.3910       0
GRID        2511       0  6.3117 -5.4895 -0.4168       0
GRID        2512       0  6.5071 -6.0576 -0.4426       0
GRID        2513       0  6.7025 -6.6257 -0.4684       0
GRID        2514       0  6.8597 -7.0768 -0.4889       0
GRID        2515       0  7.0170 -7.5278 -0.5094       0
GRID        2516       0  7.1742 -7.9788 -0.5299       0
GRID        2517       0  7.3315 -8.4299 -0.5504       0
GRID        2518       0  7.4888 -8.8809 -0.5709       0
GRID        2519       0  7.6460 -9.3320 -0.5913       0
GRID        2520       0  4.3323  0.0000 -0.1675       0
GRID        2521       0  5.1610 -0.0000 -0.1664       0
GRID        2522       0  4.4943 -0.5863 -0.1942       0
GRID        2523       0  5.2067 -0.4521 -0.1871       0
GRID        2524       0  4.6359 -1.0984 -0.2175       0
GRID        2525       0  5.2602 -0.9808 -0.2113       0
GRID        2526       0  4.7774 -1.6105 -0.2408       0
GRID        2527       0  5.3137 -1.5095 -0.2355       0
GRID        2528       0  4.9326 -2.1521 -0.2654       0
GRID        2529       0  5.3637 -2.0041 -0.2581       0
GRID        2530       0  5.1330 -2.7184 -0.2912       0
GRID        2531       0  5.5379 -2.5795 -0.2843       0
GRID        2532       0  5.3335 -3.2847 -0.3169       0
GRID        2533       0  5.7282 -3.1493 -0.3102       0
GRID        2534       0  5.5339 -3.8511 -0.3426       0
GRID        2535       0  5.9184 -3.7191 -0.3361       0
GRID        2536       0  5.7344 -4.4174 -0.3683       0
GRID        2537       0  6.1087 -4.2890 -0.3620       0
GRID        2538       0  5.9348 -4.9837 -0.3941       0
GRID        2539       0  6.2990 -4.8588 -0.3879       0
GRID        2540       0  6.1353 -5.5501 -0.4198       0
GRID        2541       0  6.4892 -5.4286 -0.4138       0
GRID        2542       0  6.3358 -6.1164 -0.4455       0
GRID        2543       0  6.6795 -5.9985 -0.4397       0
GRID        2544       0  6.5366 -6.6834 -0.4713       0
GRID        2545       0  6.8695 -6.5676 -0.4655       0
GRID        2546       0  6.6969 -7.1334 -0.4917       0
GRID        2547       0  7.0233 -7.0198 -0.4861       0
GRID        2548       0  6.8572 -7.5834 -0.5121       0
GRID        2549       0  7.1775 -7.4720 -0.5066       0
GRID        2550       0  7.0176 -8.0333 -0.5326       0
GRID        2551       0  7.3317 -7.9241 -0.5272       0
GRID        2552       0  7.1779 -8.4833 -0.5530       0
GRID        2553       0  7.4858 -8.3762 -0.5477       0
GRID        2554       0  7.3382 -8.9333 -0.5734       0
GRID        2555       0  7.6400 -8.8283 -0.5682       0
GRID        2556       0  7.4803 -9.3320 -0.5916       0
GRID        2557       0  7.8118 -9.3320 -0.5911       0
