$Material for wing 4
MAT1        5001 7.1e+10            0.33    2810
PBAR        5001    5001 6.675-2 4.440-3 3.927-2   0.000 2.185-2   0.000
          0.2827  1.1307 -0.2827  1.1307 -0.2827 -1.1307  0.2827 -1.1307
CBAR        5001    5001    5001    5002 -0.0013 -1.0000  0.0003     GGG
PBAR        5002    5001 5.644-2 2.673-3 2.375-2   0.000 1.321-2   0.000
          0.2394  0.9576 -0.2394  0.9576 -0.2394 -0.9576  0.2394 -0.9576
CBAR        5002    5002    5002    5003 -0.0013 -1.0000  0.0011     GGG
PBAR        5003    5001 5.241-2 2.135-3 1.902-2   0.000 1.058-2   0.000
          0.2225  0.8898 -0.2225  0.8898 -0.2225 -0.8898  0.2225 -0.8898
CBAR        5003    5003    5003    5004 -0.0013 -1.0000  0.0011     GGG
PBAR        5004    5001 4.837-2 1.675-3 1.496-2   0.000 8.316-3   0.000
          0.2055  0.8220 -0.2055  0.8220 -0.2055 -0.8220  0.2055 -0.8220
CBAR        5004    5004    5004    5005 -0.0013 -1.0000  0.0011     GGG
PBAR        5005    5001 4.435-2 1.287-3 1.153-2   0.000 6.410-3   0.000
          0.1886  0.7545 -0.1886  0.7545 -0.1886 -0.7545  0.1886 -0.7545
CBAR        5005    5005    5005    5006 -0.0013 -1.0000  0.0011     GGG
PBAR        5006    5001 4.032-2 9.637-4 8.670-3   0.000 4.817-3   0.000
          0.1717  0.6868 -0.1717  0.6868 -0.1717 -0.6868  0.1717 -0.6868
CBAR        5006    5006    5006    5007 -0.0013 -1.0000  0.0011     GGG
PBAR        5007    5001 3.620-2 6.946-4 6.280-3   0.000 3.487-3   0.000
          0.1544  0.6176 -0.1544  0.6176 -0.1544 -0.6176  0.1544 -0.6176
CBAR        5007    5007    5007    5008 -0.0013 -1.0000  0.0011     GGG
PBAR        5008    5001 3.203-2 4.782-4 4.351-3   0.000 2.414-3   0.000
          0.1369  0.5475 -0.1369  0.5475 -0.1369 -0.5475  0.1369 -0.5475
CBAR        5008    5008    5008    5009 -0.0013 -1.0000  0.0011     GGG
PBAR        5009    5001 2.785-2 3.122-4 2.863-3   0.000 1.588-3   0.000
          0.1193  0.4773 -0.1193  0.4773 -0.1193 -0.4773  0.1193 -0.4773
CBAR        5009    5009    5009    5010 -0.0013 -1.0000  0.0011     GGG
PBAR        5010    5001 2.583-2 2.479-4 2.285-3   0.000 1.267-3   0.000
          0.1108  0.4434 -0.1108  0.4434 -0.1108 -0.4434  0.1108 -0.4434
CBAR        5010    5010    5010    5011 -0.0013 -1.0000  0.0011     GGG
$Set Grid Wing
SET1        5001    5001    5002    5003    5004    5005    5006    5007
            5008    5009    5010    5011
$Wing's Wing CBAR elem IDs 
SET1        5002    5001    5002    5003    5004    5005    5006    5007
            5008    5009    5010
RBE0        5001    5001    5011    5012    5013
RBE0        5002    5002    5013    5014    5015
RBE0        5003    5003    5015    5016    5017
RBE0        5004    5004    5017    5018    5019
RBE0        5005    5005    5019    5020    5021
RBE0        5006    5006    5021    5022    5023
RBE0        5007    5007    5023    5024    5025
RBE0        5008    5008    5025    5026    5027
RBE0        5009    5009    5027    5028    5029
RBE0        5010    5010    5029    5030    5031
RBE0        5011    5011    5031    5032    5033
$Wing Grid
GRID        5001       0 38.8155 -0.0032  1.7254       0
GRID        5002       0 39.2751 -0.0030  2.4137       0
GRID        5003       0 39.7347 -0.0028  3.1020       0
GRID        5004       0 40.1942 -0.0026  3.7903       0
GRID        5005       0 40.6538 -0.0024  4.4786       0
GRID        5006       0 41.1134 -0.0022  5.1669       0
GRID        5007       0 41.5679 -0.0020  5.8552       0
GRID        5008       0 42.0224 -0.0018  6.5435       0
GRID        5009       0 42.4770 -0.0015  7.2318       0
GRID        5010       0 42.9315 -0.0013  7.9201       0
GRID        5011       0 43.3860 -0.0011  8.6084       0
GRID        5012       0 37.5455 -0.0016  1.7254       0
GRID        5013       0 40.0854 -0.0048  1.7254       0
GRID        5014       0 38.4955 -0.0014  2.9343       0
GRID        5015       0 40.1446 -0.0048  1.8331       0
GRID        5016       0 39.0084 -0.0013  3.5870       0
GRID        5017       0 40.5447 -0.0044  2.5611       0
GRID        5018       0 39.5213 -0.0012  4.2397       0
GRID        5019       0 40.9449 -0.0041  3.2891       0
GRID        5020       0 40.0342 -0.0011  4.8924       0
GRID        5021       0 41.3450 -0.0038  4.0171       0
GRID        5022       0 40.5440 -0.0010  5.5429       0
GRID        5023       0 41.7470 -0.0035  4.7485       0
GRID        5024       0 41.0538 -0.0009  6.1947       0
GRID        5025       0 42.1431 -0.0031  5.4754       0
GRID        5026       0 41.5635 -0.0008  6.8465       0
GRID        5027       0 42.5358 -0.0028  6.2045       0
GRID        5028       0 42.0733 -0.0007  7.4983       0
GRID        5029       0 42.9285 -0.0025  6.9336       0
GRID        5030       0 42.5831 -0.0006  8.1501       0
GRID        5031       0 43.3212 -0.0021  7.6627       0
GRID        5032       0 42.9415 -0.0006  8.6084       0
GRID        5033       0 43.8305 -0.0017  8.6084       0
