$Material for wing 2
MAT1        3001 7.1e+10            0.33    2810
PBAR        3001    3001 4.153-2 9.400-4 8.488-3   0.000 4.714-3   0.000
          0.1675  0.6702 -0.1675  0.6702 -0.1675 -0.6702  0.1675 -0.6702
CBAR        3001    3001    3001    3002 -0.0013 -0.0869  0.9962     GGG
PBAR        3002    3001 3.613-2 6.147-4 5.590-3   0.000 3.102-3   0.000
          0.1461  0.5842 -0.1461  0.5842 -0.1461 -0.5842  0.1461 -0.5842
CBAR        3002    3002    3002    3003 -0.0013 -0.0863  0.9963     GGG
PBAR        3003    3001 3.316-2 4.733-4 4.325-3   0.000 2.399-3   0.000
          0.1343  0.5371 -0.1343  0.5371 -0.1343 -0.5371  0.1343 -0.5371
CBAR        3003    3003    3003    3004 -0.0013 -0.0863  0.9963     GGG
PBAR        3004    3001 3.019-2 3.555-4 3.267-3   0.000 1.811-3   0.000
          0.1225  0.4899 -0.1225  0.4899 -0.1225 -0.4899  0.1225 -0.4899
CBAR        3004    3004    3004    3005 -0.0013 -0.0863  0.9963     GGG
PBAR        3005    3001 2.720-2 2.582-4 2.390-3   0.000 1.324-3   0.000
          0.1106  0.4423 -0.1106  0.4423 -0.1106 -0.4423  0.1106 -0.4423
CBAR        3005    3005    3005    3006 -0.0013 -0.0863  0.9963     GGG
PBAR        3006    3001 2.432-2 1.832-4 1.709-3   0.000 9.462-4   0.000
          0.0991  0.3965 -0.0991  0.3965 -0.0991 -0.3965  0.0991 -0.3965
CBAR        3006    3006    3006    3007 -0.0013 -0.0863  0.9963     GGG
PBAR        3007    3001 2.168-2 1.287-4 1.213-3   0.000 6.708-4   0.000
          0.0887  0.3546 -0.0887  0.3546 -0.0887 -0.3546  0.0887 -0.3546
CBAR        3007    3007    3007    3008 -0.0013 -0.0863  0.9963     GGG
PBAR        3008    3001 1.915-2 8.780-5 8.371-4   0.000 4.624-4   0.000
          0.0786  0.3144 -0.0786  0.3144 -0.0786 -0.3144  0.0786 -0.3144
CBAR        3008    3008    3008    3009 -0.0013 -0.0863  0.9963     GGG
PBAR        3009    3001 1.662-2 5.664-5 5.483-4   0.000 3.025-4   0.000
          0.0686  0.2742 -0.0686  0.2742 -0.0686 -0.2742  0.0686 -0.2742
CBAR        3009    3009    3009    3010 -0.0013 -0.0863  0.9963     GGG
PBAR        3010    3001 1.497-2 4.090-5 4.010-4   0.000 2.209-4   0.000
          0.0620  0.2479 -0.0620  0.2479 -0.0620 -0.2479  0.0620 -0.2479
CBAR        3010    3010    3010    3011 -0.0013 -0.0863  0.9963     GGG
$Set Grid Wing
SET1        3001    3001    3002    3003    3004    3005    3006    3007
            3008    3009    3010    3011
$Wing's Wing CBAR elem IDs 
SET1        3002    3001    3002    3003    3004    3005    3006    3007
            3008    3009    3010
RBE0        3001    3001    3011    3012    3013
RBE0        3002    3002    3013    3014    3015
RBE0        3003    3003    3015    3016    3017
RBE0        3004    3004    3017    3018    3019
RBE0        3005    3005    3019    3020    3021
RBE0        3006    3006    3021    3022    3023
RBE0        3007    3007    3023    3024    3025
RBE0        3008    3008    3025    3026    3027
RBE0        3009    3009    3027    3028    3029
RBE0        3010    3010    3029    3030    3031
RBE0        3011    3011    3031    3032    3033
$Wing Grid
GRID        3001       0 41.1147  0.0000  1.0418       0
GRID        3002       0 41.4159  0.5953  1.0938       0
GRID        3003       0 41.7171  1.1905  1.1457       0
GRID        3004       0 42.0183  1.7858  1.1977       0
GRID        3005       0 42.3195  2.3810  1.2496       0
GRID        3006       0 42.6207  2.9763  1.3016       0
GRID        3007       0 42.9365  3.5715  1.3535       0
GRID        3008       0 43.2524  4.1668  1.4055       0
GRID        3009       0 43.5682  4.7621  1.4575       0
GRID        3010       0 43.8841  5.3573  1.5094       0
GRID        3011       0 44.1999  5.9526  1.5614       0
GRID        3012       0 40.3821  0.0001  1.0409       0
GRID        3013       0 41.8472 -0.0001  1.0428       0
GRID        3014       0 40.8924  0.8582  1.1159       0
GRID        3015       0 41.9779  0.3130  1.0700       0
GRID        3016       0 41.2342  1.4331  1.1661       0
GRID        3017       0 42.2355  0.9301  1.1238       0
GRID        3018       0 41.5760  2.0079  1.2164       0
GRID        3019       0 42.4931  1.5473  1.1776       0
GRID        3020       0 41.9178  2.5828  1.2666       0
GRID        3021       0 42.7507  2.1644  1.2314       0
GRID        3022       0 42.2654  3.1634  1.3173       0
GRID        3023       0 43.0050  2.7738  1.2845       0
GRID        3024       0 42.6157  3.7405  1.3678       0
GRID        3025       0 43.2782  3.3916  1.3384       0
GRID        3026       0 42.9659  4.3177  1.4182       0
GRID        3027       0 43.5574  4.0061  1.3920       0
GRID        3028       0 43.3162  4.8948  1.4686       0
GRID        3029       0 43.8366  4.6207  1.4456       0
GRID        3030       0 43.6665  5.4719  1.5191       0
GRID        3031       0 44.1158  5.2352  1.4991       0
GRID        3032       0 43.9582  5.9526  1.5611       0
GRID        3033       0 44.4417  5.9525  1.5617       0
PBAR        3501    3001 4.153-2 9.400-4 8.488-3   0.000 4.714-3   0.000
          0.1675  0.6702 -0.1675  0.6702 -0.1675 -0.6702  0.1675 -0.6702
CBAR        3501    3501    3501    3502  0.0013 -0.0869 -0.9962     GGG
PBAR        3502    3001 3.613-2 6.147-4 5.590-3   0.000 3.102-3   0.000
          0.1461  0.5842 -0.1461  0.5842 -0.1461 -0.5842  0.1461 -0.5842
CBAR        3502    3502    3502    3503  0.0013 -0.0863 -0.9963     GGG
PBAR        3503    3001 3.316-2 4.733-4 4.325-3   0.000 2.399-3   0.000
          0.1343  0.5371 -0.1343  0.5371 -0.1343 -0.5371  0.1343 -0.5371
CBAR        3503    3503    3503    3504  0.0013 -0.0863 -0.9963     GGG
PBAR        3504    3001 3.019-2 3.555-4 3.267-3   0.000 1.811-3   0.000
          0.1225  0.4899 -0.1225  0.4899 -0.1225 -0.4899  0.1225 -0.4899
CBAR        3504    3504    3504    3505  0.0013 -0.0863 -0.9963     GGG
PBAR        3505    3001 2.720-2 2.582-4 2.390-3   0.000 1.324-3   0.000
          0.1106  0.4423 -0.1106  0.4423 -0.1106 -0.4423  0.1106 -0.4423
CBAR        3505    3505    3505    3506  0.0013 -0.0863 -0.9963     GGG
PBAR        3506    3001 2.432-2 1.832-4 1.709-3   0.000 9.462-4   0.000
          0.0991  0.3965 -0.0991  0.3965 -0.0991 -0.3965  0.0991 -0.3965
CBAR        3506    3506    3506    3507  0.0013 -0.0863 -0.9963     GGG
PBAR        3507    3001 2.168-2 1.287-4 1.213-3   0.000 6.708-4   0.000
          0.0887  0.3546 -0.0887  0.3546 -0.0887 -0.3546  0.0887 -0.3546
CBAR        3507    3507    3507    3508  0.0013 -0.0863 -0.9963     GGG
PBAR        3508    3001 1.915-2 8.780-5 8.371-4   0.000 4.624-4   0.000
          0.0786  0.3144 -0.0786  0.3144 -0.0786 -0.3144  0.0786 -0.3144
CBAR        3508    3508    3508    3509  0.0013 -0.0863 -0.9963     GGG
PBAR        3509    3001 1.662-2 5.664-5 5.483-4   0.000 3.025-4   0.000
          0.0686  0.2742 -0.0686  0.2742 -0.0686 -0.2742  0.0686 -0.2742
CBAR        3509    3509    3509    3510  0.0013 -0.0863 -0.9963     GGG
PBAR        3510    3001 1.497-2 4.090-5 4.010-4   0.000 2.209-4   0.000
          0.0620  0.2479 -0.0620  0.2479 -0.0620 -0.2479  0.0620 -0.2479
CBAR        3510    3510    3510    3511  0.0013 -0.0863 -0.9963     GGG
$Set Grid Wing
SET1        3501    3501    3502    3503    3504    3505    3506    3507
            3508    3509    3510    3511
$Wing's Wing CBAR elem IDs 
SET1        3502    3501    3502    3503    3504    3505    3506    3507
            3508    3509    3510
RBE0        3501    3501    3511    3512    3513
RBE0        3502    3502    3513    3514    3515
RBE0        3503    3503    3515    3516    3517
RBE0        3504    3504    3517    3518    3519
RBE0        3505    3505    3519    3520    3521
RBE0        3506    3506    3521    3522    3523
RBE0        3507    3507    3523    3524    3525
RBE0        3508    3508    3525    3526    3527
RBE0        3509    3509    3527    3528    3529
RBE0        3510    3510    3529    3530    3531
RBE0        3511    3511    3531    3532    3533
$Wing Grid
GRID        3001       0 41.1147  0.0000  1.0418       0
GRID        3002       0 41.4159  0.5953  1.0938       0
GRID        3003       0 41.7171  1.1905  1.1457       0
GRID        3004       0 42.0183  1.7858  1.1977       0
GRID        3005       0 42.3195  2.3810  1.2496       0
GRID        3006       0 42.6207  2.9763  1.3016       0
GRID        3007       0 42.9365  3.5715  1.3535       0
GRID        3008       0 43.2524  4.1668  1.4055       0
GRID        3009       0 43.5682  4.7621  1.4575       0
GRID        3010       0 43.8841  5.3573  1.5094       0
GRID        3011       0 44.1999  5.9526  1.5614       0
GRID        3012       0 40.3821  0.0001  1.0409       0
GRID        3013       0 41.8472 -0.0001  1.0428       0
GRID        3014       0 40.8924  0.8582  1.1159       0
GRID        3015       0 41.9779  0.3130  1.0700       0
GRID        3016       0 41.2342  1.4331  1.1661       0
GRID        3017       0 42.2355  0.9301  1.1238       0
GRID        3018       0 41.5760  2.0079  1.2164       0
GRID        3019       0 42.4931  1.5473  1.1776       0
GRID        3020       0 41.9178  2.5828  1.2666       0
GRID        3021       0 42.7507  2.1644  1.2314       0
GRID        3022       0 42.2654  3.1634  1.3173       0
GRID        3023       0 43.0050  2.7738  1.2845       0
GRID        3024       0 42.6157  3.7405  1.3678       0
GRID        3025       0 43.2782  3.3916  1.3384       0
GRID        3026       0 42.9659  4.3177  1.4182       0
GRID        3027       0 43.5574  4.0061  1.3920       0
GRID        3028       0 43.3162  4.8948  1.4686       0
GRID        3029       0 43.8366  4.6207  1.4456       0
GRID        3030       0 43.6665  5.4719  1.5191       0
GRID        3031       0 44.1158  5.2352  1.4991       0
GRID        3032       0 43.9582  5.9526  1.5611       0
GRID        3033       0 44.4417  5.9525  1.5617       0
GRID        3501       0 41.1147 -0.0000  1.0418       0
GRID        3502       0 41.4159 -0.5953  1.0938       0
GRID        3503       0 41.7171 -1.1905  1.1457       0
GRID        3504       0 42.0183 -1.7858  1.1977       0
GRID        3505       0 42.3195 -2.3810  1.2496       0
GRID        3506       0 42.6207 -2.9763  1.3016       0
GRID        3507       0 42.9365 -3.5715  1.3535       0
GRID        3508       0 43.2524 -4.1668  1.4055       0
GRID        3509       0 43.5682 -4.7621  1.4575       0
GRID        3510       0 43.8841 -5.3573  1.5094       0
GRID        3511       0 44.1999 -5.9526  1.5614       0
GRID        3512       0 40.3821 -0.0001  1.0409       0
GRID        3513       0 41.8472  0.0001  1.0428       0
GRID        3514       0 40.8924 -0.8582  1.1159       0
GRID        3515       0 41.9779 -0.3130  1.0700       0
GRID        3516       0 41.2342 -1.4331  1.1661       0
GRID        3517       0 42.2355 -0.9301  1.1238       0
GRID        3518       0 41.5760 -2.0079  1.2164       0
GRID        3519       0 42.4931 -1.5473  1.1776       0
GRID        3520       0 41.9178 -2.5828  1.2666       0
GRID        3521       0 42.7507 -2.1644  1.2314       0
GRID        3522       0 42.2654 -3.1634  1.3173       0
GRID        3523       0 43.0050 -2.7738  1.2845       0
GRID        3524       0 42.6157 -3.7405  1.3678       0
GRID        3525       0 43.2782 -3.3916  1.3384       0
GRID        3526       0 42.9659 -4.3177  1.4182       0
GRID        3527       0 43.5574 -4.0061  1.3920       0
GRID        3528       0 43.3162 -4.8948  1.4686       0
GRID        3529       0 43.8366 -4.6207  1.4456       0
GRID        3530       0 43.6665 -5.4719  1.5191       0
GRID        3531       0 44.1158 -5.2352  1.4991       0
GRID        3532       0 43.9582 -5.9526  1.5611       0
GRID        3533       0 44.4417 -5.9525  1.5617       0
