$Material for wing 1
MAT1        2001 7.4e+10            0.33    2810
PBAR        2001    2001 1.865-2 2.707-3 2.340-2   0.000 1.306-2   0.000
          0.4103  1.6413 -0.4103  1.6413 -0.4103 -1.6413  0.4103 -1.6413
CBAR        2001    2001    2001    2002  0.0102 -0.1048  0.9944     GGG
PBAR        2002    2001 1.646-2 1.861-3 1.610-2   0.000 8.979-3   0.000
          0.3622  1.4490 -0.3622  1.4490 -0.3622 -1.4490  0.3622 -1.4490
CBAR        2002    2002    2002    2003  0.0090 -0.1082  0.9941     GGG
PBAR        2003    2001 1.488-2 1.373-3 1.188-2   0.000 6.627-3   0.000
          0.3274  1.3096 -0.3274  1.3096 -0.3274 -1.3096  0.3274 -1.3096
CBAR        2003    2003    2003    2004  0.0076 -0.1076  0.9942     GGG
PBAR        2004    2001 1.329-2 9.788-4 8.474-3   0.000 4.726-3   0.000
          0.2926  1.1703 -0.2926  1.1703 -0.2926 -1.1703  0.2926 -1.1703
CBAR        2004    2004    2004    2005  0.0058 -0.1070  0.9942     GGG
PBAR        2005    2001 1.168-2 6.635-4 5.748-3   0.000 3.206-3   0.000
          0.2571  1.0285 -0.2571  1.0285 -0.2571 -1.0285  0.2571 -1.0285
CBAR        2005    2005    2005    2006  0.0036 -0.1062  0.9943     GGG
PBAR        2006    2001 1.017-2 4.380-4 3.797-3   0.000 2.118-3   0.000
          0.2240  0.8959 -0.2240  0.8959 -0.2240 -0.8959  0.2240 -0.8959
CBAR        2006    2006    2006    2007  0.0214 -0.0195  0.9996     GGG
PBAR        2007    2001 9.016-3 3.048-4 2.645-3   0.000 1.475-3   0.000
          0.1986  0.7943 -0.1986  0.7943 -0.1986 -0.7943  0.1986 -0.7943
CBAR        2007    2007    2007    2008 -0.0020 -0.0079  1.0000     GGG
PBAR        2008    2001 8.080-3 2.192-4 1.904-3   0.000 1.061-3   0.000
          0.1780  0.7120 -0.1780  0.7120 -0.1780 -0.7120  0.1780 -0.7120
CBAR        2008    2008    2008    2009 -0.0054 -0.0063  1.0000     GGG
PBAR        2009    2001 7.144-3 1.514-4 1.316-3   0.000 7.335-4   0.000
          0.1574  0.6298 -0.1574  0.6298 -0.1574 -0.6298  0.1574 -0.6298
CBAR        2009    2009    2009    2010 -0.0096 -0.0042  0.9999     GGG
PBAR        2010    2001 6.205-3 9.905-5 8.622-4   0.000 4.806-4   0.000
          0.1368  0.5472 -0.1368  0.5472 -0.1368 -0.5472  0.1368 -0.5472
CBAR        2010    2010    2010    2011 -0.0149 -0.0016  0.9999     GGG
PBAR        2011    2001 5.464-3 6.757-5 5.890-4   0.000 3.283-4   0.000
          0.1205  0.4821 -0.1205  0.4821 -0.1205 -0.4821  0.1205 -0.4821
CBAR        2011    2011    2011    2012 -0.0200  0.0076  0.9998     GGG
PBAR        2012    2001 4.937-3 4.979-5 4.345-4   0.000 2.422-4   0.000
          0.1090  0.4358 -0.1090  0.4358 -0.1090 -0.4358  0.1090 -0.4358
CBAR        2012    2012    2012    2013 -0.0221  0.0087  0.9997     GGG
PBAR        2013    2001 4.421-3 3.571-5 3.121-4   0.000 1.739-4   0.000
          0.0976  0.3905 -0.0976  0.3905 -0.0976 -0.3905  0.0976 -0.3905
CBAR        2013    2013    2013    2014 -0.0221  0.0087  0.9997     GGG
PBAR        2014    2001 3.906-3 2.457-5 2.152-4   0.000 1.199-4   0.000
          0.0863  0.3451 -0.0863  0.3451 -0.0863 -0.3451  0.0863 -0.3451
CBAR        2014    2014    2014    2015 -0.0221  0.0087  0.9997     GGG
PBAR        2015    2001 3.579-3 1.888-5 1.656-4   0.000 9.222-5   0.000
          0.0791  0.3164 -0.0791  0.3164 -0.0791 -0.3164  0.0791 -0.3164
CBAR        2015    2015    2015    2016 -0.0221  0.0087  0.9997     GGG
$Set Grid Wing
SET1        2001    2001    2002    2003    2004    2005    2006    2007
            2008    2009    2010    2011    2012    2013    2014    2015
            2016
$Wing's Wing CBAR elem IDs 
SET1        2002    2001    2002    2003    2004    2005    2006    2007
            2008    2009    2010    2011    2012    2013    2014    2015
RBE0        2001    2001    2016    2017    2018
RBE0        2002    2002    2018    2019    2020
RBE0        2003    2003    2020    2021    2022
RBE0        2004    2004    2022    2023    2024
RBE0        2005    2005    2024    2025    2026
RBE0        2006    2006    2026    2027    2028
RBE0        2007    2007    2028    2029    2030
RBE0        2008    2008    2030    2031    2032
RBE0        2009    2009    2032    2033    2034
RBE0        2010    2010    2034    2035    2036
RBE0        2011    2011    2036    2037    2038
RBE0        2012    2012    2038    2039    2040
RBE0        2013    2013    2040    2041    2042
RBE0        2014    2014    2042    2043    2044
RBE0        2015    2015    2044    2045    2046
RBE0        2016    2016    2046    2047    2048
$Wing Grid
GRID        2001       0 18.1033  0.0000 -1.4582       0
GRID        2002       0 18.5346  1.1642 -1.3355       0
GRID        2003       0 18.9659  2.3283 -1.2127       0
GRID        2004       0 19.3971  3.4925 -1.0900       0
GRID        2005       0 19.8284  4.6567 -0.9672       0
GRID        2006       0 20.2596  5.8209 -0.8445       0
GRID        2007       0 20.9468  7.2142 -0.8320       0
GRID        2008       0 21.6341  8.6075 -0.8196       0
GRID        2009       0 22.3213 10.0008 -0.8072       0
GRID        2010       0 23.0085 11.3941 -0.7947       0
GRID        2011       0 23.6957 12.7875 -0.7823       0
GRID        2012       0 24.1269 13.6400 -0.7802       0
GRID        2013       0 24.5580 14.4925 -0.7780       0
GRID        2014       0 24.9892 15.3450 -0.7759       0
GRID        2015       0 25.4204 16.1975 -0.7738       0
GRID        2016       0 25.8515 17.0500 -0.7716       0
GRID        2017       0 16.3392 -0.0019 -1.4403       0
GRID        2018       0 19.8670  0.0019 -1.4761       0
GRID        2019       0 17.1680  1.6635 -1.2697       0
GRID        2020       0 20.0179  0.6224 -1.4088       0
GRID        2021       0 17.7247  2.7820 -1.1551       0
GRID        2022       0 20.3131  1.8361 -1.2773       0
GRID        2023       0 18.2813  3.9006 -1.0405       0
GRID        2024       0 20.6083  3.0497 -1.1457       0
GRID        2025       0 18.8380  5.0192 -0.9259       0
GRID        2026       0 20.9035  4.2634 -1.0141       0
GRID        2027       0 19.4580  6.2162 -0.8409       0
GRID        2028       0 21.1729  5.3709 -0.8940       0
GRID        2029       0 20.2171  7.5741 -0.8314       0
GRID        2030       0 21.7157  6.8350 -0.8343       0
GRID        2031       0 20.9762  8.9320 -0.8218       0
GRID        2032       0 22.3272  8.2656 -0.8188       0
GRID        2033       0 21.7353 10.2899 -0.8123       0
GRID        2034       0 22.9387  9.6963 -0.8033       0
GRID        2035       0 22.4945 11.6478 -0.8028       0
GRID        2036       0 23.5501 11.1270 -0.7878       0
GRID        2037       0 23.2570 13.0094 -0.7939       0
GRID        2038       0 24.1595 12.5529 -0.7724       0
GRID        2039       0 23.7277 13.8419 -0.7907       0
GRID        2040       0 24.5457 13.4281 -0.7691       0
GRID        2041       0 24.1983 14.6744 -0.7875       0
GRID        2042       0 24.9354 14.3016 -0.7680       0
GRID        2043       0 24.6690 15.5069 -0.7844       0
GRID        2044       0 25.3252 15.1750 -0.7670       0
GRID        2045       0 25.1396 16.3395 -0.7812       0
GRID        2046       0 25.7149 16.0485 -0.7660       0
GRID        2047       0 25.5413 17.0500 -0.7785       0
GRID        2048       0 26.1618 17.0499 -0.7648       0
PBAR        2501    2001 1.865-2 2.707-3 2.340-2   0.000 1.306-2   0.000
          0.4103  1.6413 -0.4103  1.6413 -0.4103 -1.6413  0.4103 -1.6413
CBAR        2501    2501    2501    2502 -0.0102 -0.1048 -0.9944     GGG
PBAR        2502    2001 1.646-2 1.861-3 1.610-2   0.000 8.979-3   0.000
          0.3622  1.4490 -0.3622  1.4490 -0.3622 -1.4490  0.3622 -1.4490
CBAR        2502    2502    2502    2503 -0.0090 -0.1082 -0.9941     GGG
PBAR        2503    2001 1.488-2 1.373-3 1.188-2   0.000 6.627-3   0.000
          0.3274  1.3096 -0.3274  1.3096 -0.3274 -1.3096  0.3274 -1.3096
CBAR        2503    2503    2503    2504 -0.0076 -0.1076 -0.9942     GGG
PBAR        2504    2001 1.329-2 9.788-4 8.474-3   0.000 4.726-3   0.000
          0.2926  1.1703 -0.2926  1.1703 -0.2926 -1.1703  0.2926 -1.1703
CBAR        2504    2504    2504    2505 -0.0058 -0.1070 -0.9942     GGG
PBAR        2505    2001 1.168-2 6.635-4 5.748-3   0.000 3.206-3   0.000
          0.2571  1.0285 -0.2571  1.0285 -0.2571 -1.0285  0.2571 -1.0285
CBAR        2505    2505    2505    2506 -0.0036 -0.1062 -0.9943     GGG
PBAR        2506    2001 1.017-2 4.380-4 3.797-3   0.000 2.118-3   0.000
          0.2240  0.8959 -0.2240  0.8959 -0.2240 -0.8959  0.2240 -0.8959
CBAR        2506    2506    2506    2507 -0.0214 -0.0195 -0.9996     GGG
PBAR        2507    2001 9.016-3 3.048-4 2.645-3   0.000 1.475-3   0.000
          0.1986  0.7943 -0.1986  0.7943 -0.1986 -0.7943  0.1986 -0.7943
CBAR        2507    2507    2507    2508  0.0020 -0.0079 -1.0000     GGG
PBAR        2508    2001 8.080-3 2.192-4 1.904-3   0.000 1.061-3   0.000
          0.1780  0.7120 -0.1780  0.7120 -0.1780 -0.7120  0.1780 -0.7120
CBAR        2508    2508    2508    2509  0.0054 -0.0063 -1.0000     GGG
PBAR        2509    2001 7.144-3 1.514-4 1.316-3   0.000 7.335-4   0.000
          0.1574  0.6298 -0.1574  0.6298 -0.1574 -0.6298  0.1574 -0.6298
CBAR        2509    2509    2509    2510  0.0096 -0.0042 -0.9999     GGG
PBAR        2510    2001 6.205-3 9.905-5 8.622-4   0.000 4.806-4   0.000
          0.1368  0.5472 -0.1368  0.5472 -0.1368 -0.5472  0.1368 -0.5472
CBAR        2510    2510    2510    2511  0.0149 -0.0016 -0.9999     GGG
PBAR        2511    2001 5.464-3 6.757-5 5.890-4   0.000 3.283-4   0.000
          0.1205  0.4821 -0.1205  0.4821 -0.1205 -0.4821  0.1205 -0.4821
CBAR        2511    2511    2511    2512  0.0200  0.0076 -0.9998     GGG
PBAR        2512    2001 4.937-3 4.979-5 4.345-4   0.000 2.422-4   0.000
          0.1090  0.4358 -0.1090  0.4358 -0.1090 -0.4358  0.1090 -0.4358
CBAR        2512    2512    2512    2513  0.0221  0.0087 -0.9997     GGG
PBAR        2513    2001 4.421-3 3.571-5 3.121-4   0.000 1.739-4   0.000
          0.0976  0.3905 -0.0976  0.3905 -0.0976 -0.3905  0.0976 -0.3905
CBAR        2513    2513    2513    2514  0.0221  0.0087 -0.9997     GGG
PBAR        2514    2001 3.906-3 2.457-5 2.152-4   0.000 1.199-4   0.000
          0.0863  0.3451 -0.0863  0.3451 -0.0863 -0.3451  0.0863 -0.3451
CBAR        2514    2514    2514    2515  0.0221  0.0087 -0.9997     GGG
PBAR        2515    2001 3.579-3 1.888-5 1.656-4   0.000 9.222-5   0.000
          0.0791  0.3164 -0.0791  0.3164 -0.0791 -0.3164  0.0791 -0.3164
CBAR        2515    2515    2515    2516  0.0221  0.0087 -0.9997     GGG
$Set Grid Wing
SET1        2501    2501    2502    2503    2504    2505    2506    2507
            2508    2509    2510    2511    2512    2513    2514    2515
            2516
$Wing's Wing CBAR elem IDs 
SET1        2502    2501    2502    2503    2504    2505    2506    2507
            2508    2509    2510    2511    2512    2513    2514    2515
RBE0        2501    2501    2516    2517    2518
RBE0        2502    2502    2518    2519    2520
RBE0        2503    2503    2520    2521    2522
RBE0        2504    2504    2522    2523    2524
RBE0        2505    2505    2524    2525    2526
RBE0        2506    2506    2526    2527    2528
RBE0        2507    2507    2528    2529    2530
RBE0        2508    2508    2530    2531    2532
RBE0        2509    2509    2532    2533    2534
RBE0        2510    2510    2534    2535    2536
RBE0        2511    2511    2536    2537    2538
RBE0        2512    2512    2538    2539    2540
RBE0        2513    2513    2540    2541    2542
RBE0        2514    2514    2542    2543    2544
RBE0        2515    2515    2544    2545    2546
RBE0        2516    2516    2546    2547    2548
$Wing Grid
GRID        2001       0 18.1033  0.0000 -1.4582       0
GRID        2002       0 18.5346  1.1642 -1.3355       0
GRID        2003       0 18.9659  2.3283 -1.2127       0
GRID        2004       0 19.3971  3.4925 -1.0900       0
GRID        2005       0 19.8284  4.6567 -0.9672       0
GRID        2006       0 20.2596  5.8209 -0.8445       0
GRID        2007       0 20.9468  7.2142 -0.8320       0
GRID        2008       0 21.6341  8.6075 -0.8196       0
GRID        2009       0 22.3213 10.0008 -0.8072       0
GRID        2010       0 23.0085 11.3941 -0.7947       0
GRID        2011       0 23.6957 12.7875 -0.7823       0
GRID        2012       0 24.1269 13.6400 -0.7802       0
GRID        2013       0 24.5580 14.4925 -0.7780       0
GRID        2014       0 24.9892 15.3450 -0.7759       0
GRID        2015       0 25.4204 16.1975 -0.7738       0
GRID        2016       0 25.8515 17.0500 -0.7716       0
GRID        2017       0 16.3392 -0.0019 -1.4403       0
GRID        2018       0 19.8670  0.0019 -1.4761       0
GRID        2019       0 17.1680  1.6635 -1.2697       0
GRID        2020       0 20.0179  0.6224 -1.4088       0
GRID        2021       0 17.7247  2.7820 -1.1551       0
GRID        2022       0 20.3131  1.8361 -1.2773       0
GRID        2023       0 18.2813  3.9006 -1.0405       0
GRID        2024       0 20.6083  3.0497 -1.1457       0
GRID        2025       0 18.8380  5.0192 -0.9259       0
GRID        2026       0 20.9035  4.2634 -1.0141       0
GRID        2027       0 19.4580  6.2162 -0.8409       0
GRID        2028       0 21.1729  5.3709 -0.8940       0
GRID        2029       0 20.2171  7.5741 -0.8314       0
GRID        2030       0 21.7157  6.8350 -0.8343       0
GRID        2031       0 20.9762  8.9320 -0.8218       0
GRID        2032       0 22.3272  8.2656 -0.8188       0
GRID        2033       0 21.7353 10.2899 -0.8123       0
GRID        2034       0 22.9387  9.6963 -0.8033       0
GRID        2035       0 22.4945 11.6478 -0.8028       0
GRID        2036       0 23.5501 11.1270 -0.7878       0
GRID        2037       0 23.2570 13.0094 -0.7939       0
GRID        2038       0 24.1595 12.5529 -0.7724       0
GRID        2039       0 23.7277 13.8419 -0.7907       0
GRID        2040       0 24.5457 13.4281 -0.7691       0
GRID        2041       0 24.1983 14.6744 -0.7875       0
GRID        2042       0 24.9354 14.3016 -0.7680       0
GRID        2043       0 24.6690 15.5069 -0.7844       0
GRID        2044       0 25.3252 15.1750 -0.7670       0
GRID        2045       0 25.1396 16.3395 -0.7812       0
GRID        2046       0 25.7149 16.0485 -0.7660       0
GRID        2047       0 25.5413 17.0500 -0.7785       0
GRID        2048       0 26.1618 17.0499 -0.7648       0
GRID        2501       0 18.1033 -0.0000 -1.4582       0
GRID        2502       0 18.5346 -1.1642 -1.3355       0
GRID        2503       0 18.9659 -2.3283 -1.2127       0
GRID        2504       0 19.3971 -3.4925 -1.0900       0
GRID        2505       0 19.8284 -4.6567 -0.9672       0
GRID        2506       0 20.2596 -5.8209 -0.8445       0
GRID        2507       0 20.9468 -7.2142 -0.8320       0
GRID        2508       0 21.6341 -8.6075 -0.8196       0
GRID        2509       0 22.3213-10.0008 -0.8072       0
GRID        2510       0 23.0085-11.3941 -0.7947       0
GRID        2511       0 23.6957-12.7875 -0.7823       0
GRID        2512       0 24.1269-13.6400 -0.7802       0
GRID        2513       0 24.5580-14.4925 -0.7780       0
GRID        2514       0 24.9892-15.3450 -0.7759       0
GRID        2515       0 25.4204-16.1975 -0.7738       0
GRID        2516       0 25.8515-17.0500 -0.7716       0
GRID        2517       0 16.3392  0.0019 -1.4403       0
GRID        2518       0 19.8670 -0.0019 -1.4761       0
GRID        2519       0 17.1680 -1.6635 -1.2697       0
GRID        2520       0 20.0179 -0.6224 -1.4088       0
GRID        2521       0 17.7247 -2.7820 -1.1551       0
GRID        2522       0 20.3131 -1.8361 -1.2773       0
GRID        2523       0 18.2813 -3.9006 -1.0405       0
GRID        2524       0 20.6083 -3.0497 -1.1457       0
GRID        2525       0 18.8380 -5.0192 -0.9259       0
GRID        2526       0 20.9035 -4.2634 -1.0141       0
GRID        2527       0 19.4580 -6.2162 -0.8409       0
GRID        2528       0 21.1729 -5.3709 -0.8940       0
GRID        2529       0 20.2171 -7.5741 -0.8314       0
GRID        2530       0 21.7157 -6.8350 -0.8343       0
GRID        2531       0 20.9762 -8.9320 -0.8218       0
GRID        2532       0 22.3272 -8.2656 -0.8188       0
GRID        2533       0 21.7353-10.2899 -0.8123       0
GRID        2534       0 22.9387 -9.6963 -0.8033       0
GRID        2535       0 22.4945-11.6478 -0.8028       0
GRID        2536       0 23.5501-11.1270 -0.7878       0
GRID        2537       0 23.2570-13.0094 -0.7939       0
GRID        2538       0 24.1595-12.5529 -0.7724       0
GRID        2539       0 23.7277-13.8419 -0.7907       0
GRID        2540       0 24.5457-13.4281 -0.7691       0
GRID        2541       0 24.1983-14.6744 -0.7875       0
GRID        2542       0 24.9354-14.3016 -0.7680       0
GRID        2543       0 24.6690-15.5069 -0.7844       0
GRID        2544       0 25.3252-15.1750 -0.7670       0
GRID        2545       0 25.1396-16.3395 -0.7812       0
GRID        2546       0 25.7149-16.0485 -0.7660       0
GRID        2547       0 25.5413-17.0500 -0.7785       0
GRID        2548       0 26.1618-17.0499 -0.7648       0
