$-------2-------3-------4-------5-------6-------7-------8-------9-------10
Wing 2 
$-------2-------3-------4-------5-------6-------7-------8-------9-------10
$Section 1
CAERO1  3101    5.0000  0       3       4       0012    0012    1       
        39.6495 0.0000  1.0400  3.6629  2.9877  0.6400  29.5833 0.0722  0.0722  
        1       0.3100  0.3100  3       elHT1r  
SPLINE1     3101    3101       1      21    3101
SET1        3101    3001    3002    3003    3004    3005    3006
$-------2-------3-------4-------5-------6-------7-------8-------9-------10
$Section 2
CAERO1  3102    5.0000  0       3       4       0012    0012    1       
        41.6752 2.9763  1.3004  2.3443  2.9877  0.5156  30.2428 0.0722  0.0722  
        1       0.3100  0.3100  3       elHT2r  
SPLINE1     3102    3102       1      21    3102
SET1        3102    3006    3007    3008    3009    3010    3011
$-------2-------3-------4-------5-------6-------7-------8-------9-------10
Symmetry of Wing 2 
$-------2-------3-------4-------5-------6-------7-------8-------9-------10
$Section 1
CAERO1  3601    175.00000       3       4       0012    0012    1       
        39.6495 -0.0000 1.0400  3.6629  2.9877  0.6400  29.5833 -0.0722 -0.0722 
        1       0.3100  0.3100  3       elHT1l  
SPLINE1     3601    3601       1      21    3601
SET1        3601    3501    3502    3503    3504    3505    3506
$-------2-------3-------4-------5-------6-------7-------8-------9-------10
$Section 2
CAERO1  3602    175.00000       3       4       0012    0012    1       
        41.6752 -2.9763 1.3004  2.3443  2.9877  0.5156  30.2428 -0.0722 -0.0722 
        1       0.3100  0.3100  3       elHT2l  
SPLINE1     3602    3602       1      21    3602
SET1        3602    3506    3507    3508    3509    3510    3511
