$-------2-------3-------4-------5-------6-------7-------8-------9-------10
Wing 4 
$-------2-------3-------4-------5-------6-------7-------8-------9-------10
$Section 1
CAERO1  5101    90.0000 0       4       4       0012    0012    1       
        36.2756 0.0000  1.7254  6.3497  3.4415  0.6800  37.0996 -0.0722 -0.0722 
SPLINE1     5101    5101       1      16    5101
SET1        5101    5001    5002    5003    5004    5005    5006
$-------2-------3-------4-------5-------6-------7-------8-------9-------10
$Section 2
CAERO1  5102    90.0000 0       3       4       0012    0012    1       
        39.3863 0.0000  5.1669  4.3178  3.4415  0.5147  36.9311 -0.0722 -0.0722 
SPLINE1     5102    5102       1      12    5102
SET1        5102    5006    5007    5008    5009    5010    5011
