$-------2-------3-------4-------5-------6-------7-------8-------9-------10
Wing 5 
$-------2-------3-------4-------5-------6-------7-------8-------9-------10
$Section 1
CAERO1  8101    40.0000 0       2       3       0012    0012    1       
        25.2315 17.0500 -0.7853 1.5517  2.3336  0.6000  37.6898 0.0722  0.0722  
SPLINE1     8101    8101       1       6    8101
SET1        8101    8001    8002    8003    8004
$-------2-------3-------4-------5-------6-------7-------8-------9-------10
Symmetry of Wing 5 
$-------2-------3-------4-------5-------6-------7-------8-------9-------10
$Section 1
CAERO1  8601    140.00000       2       3       0012    0012    1       
        25.2315 -17.0500-0.7853 1.5517  2.3336  0.6000  37.6898 -0.0722 -0.0722 
SPLINE1     8601    8601       1       6    8601
SET1        8601    8501    8502    8503    8504
