$Material for wing 6
MAT1       10001 7.1e+10            0.33    2810
PBAR       10001   10001 9.024-2 1.173-4 2.013-3   0.000 1.065-3   0.000
          0.0681  0.2724 -0.0681  0.2724 -0.0681 -0.2724  0.0681 -0.2724
CBAR       10001   10001   10001   10002 -0.0010 -0.6427  0.7661     GGG
PBAR       10002   10001 6.922-2 6.099-5 9.775-4   0.000 5.192-4   0.000
          0.0564  0.2257 -0.0564  0.2257 -0.0564 -0.2257  0.0564 -0.2257
CBAR       10002   10002   10002   10003 -0.0010 -0.6422  0.7666     GGG
PBAR       10003   10001 6.168-2 4.835-5 7.210-4   0.000 3.847-4   0.000
          0.0523  0.2090 -0.0523  0.2090 -0.0523 -0.2090  0.0523 -0.2090
CBAR       10003   10003   10003   10004 -0.0010 -0.6422  0.7666     GGG
PBAR       10004   10001 5.415-2 3.859-5 5.155-4   0.000 2.771-4   0.000
          0.0481  0.1923 -0.0481  0.1923 -0.0481 -0.1923  0.0481 -0.1923
CBAR       10004   10004   10004   10005 -0.0010 -0.6422  0.7666     GGG
PBAR       10005   10001 4.662-2 3.103-5 3.552-4   0.000 1.931-4   0.000
          0.0439  0.1756 -0.0439  0.1756 -0.0439 -0.1756  0.0439 -0.1756
CBAR       10005   10005   10005   10006 -0.0010 -0.6422  0.7666     GGG
PBAR       10006   10001 4.718-2 3.153-5 3.658-4   0.000 1.986-4   0.000
          0.0442  0.1768 -0.0442  0.1768 -0.0442 -0.1768  0.0442 -0.1768
CBAR       10006   10006   10006   10007 -0.0010 -0.6422  0.7666     GGG
$Set Grid Wing
SET1       10001   10001   10002   10003   10004   10005   10006   10007
$Wing's Wing CBAR elem IDs 
SET1       10002   10001   10002   10003   10004   10005   10006
RBE0       10001   10001   10007   10008   10009
RBE0       10002   10002   10009   10010   10011
RBE0       10003   10003   10011   10012   10013
RBE0       10004   10004   10013   10014   10015
RBE0       10005   10005   10015   10016   10017
RBE0       10006   10006   10017   10018   10019
RBE0       10007   10007   10019   10020   10021
$Wing Grid
GRID       10001       0 18.8984 17.0500  1.1495       0
GRID       10002       0 19.1833 17.3479  1.3994       0
GRID       10003       0 19.4682 17.6459  1.6494       0
GRID       10004       0 19.7531 17.9438  1.8993       0
GRID       10005       0 20.0380 18.2418  2.1493       0
GRID       10006       0 20.3229 18.5397  2.3992       0
GRID       10007       0 20.6078 18.8376  2.6492       0
GRID       10008       0 18.5877 17.0502  1.1493       0
GRID       10009       0 19.2091 17.0498  1.1497       0
GRID       10010       0 18.9993 17.4514  1.4859       0
GRID       10011       0 19.3769 17.2391  1.3085       0
GRID       10012       0 19.2973 17.7420  1.7297       0
GRID       10013       0 19.6480 17.5448  1.5649       0
GRID       10014       0 19.5954 18.0325  1.9734       0
GRID       10015       0 19.9191 17.8505  1.8214       0
GRID       10016       0 19.8934 18.3231  2.2172       0
GRID       10017       0 20.1902 18.1562  2.0778       0
GRID       10018       0 20.1914 18.6136  2.4610       0
GRID       10019       0 20.4612 18.4619  2.3343       0
GRID       10020       0 20.4214 18.8378  2.6490       0
GRID       10021       0 20.7942 18.8375  2.6493       0
PBAR       10501   10001 9.024-2 1.173-4 2.013-3   0.000 1.065-3   0.000
          0.0681  0.2724 -0.0681  0.2724 -0.0681 -0.2724  0.0681 -0.2724
CBAR       10501   10501   10501   10502  0.0010 -0.6427 -0.7661     GGG
PBAR       10502   10001 6.922-2 6.099-5 9.775-4   0.000 5.192-4   0.000
          0.0564  0.2257 -0.0564  0.2257 -0.0564 -0.2257  0.0564 -0.2257
CBAR       10502   10502   10502   10503  0.0010 -0.6422 -0.7666     GGG
PBAR       10503   10001 6.168-2 4.835-5 7.210-4   0.000 3.847-4   0.000
          0.0523  0.2090 -0.0523  0.2090 -0.0523 -0.2090  0.0523 -0.2090
CBAR       10503   10503   10503   10504  0.0010 -0.6422 -0.7666     GGG
PBAR       10504   10001 5.415-2 3.859-5 5.155-4   0.000 2.771-4   0.000
          0.0481  0.1923 -0.0481  0.1923 -0.0481 -0.1923  0.0481 -0.1923
CBAR       10504   10504   10504   10505  0.0010 -0.6422 -0.7666     GGG
PBAR       10505   10001 4.662-2 3.103-5 3.552-4   0.000 1.931-4   0.000
          0.0439  0.1756 -0.0439  0.1756 -0.0439 -0.1756  0.0439 -0.1756
CBAR       10505   10505   10505   10506  0.0010 -0.6422 -0.7666     GGG
PBAR       10506   10001 4.718-2 3.153-5 3.658-4   0.000 1.986-4   0.000
          0.0442  0.1768 -0.0442  0.1768 -0.0442 -0.1768  0.0442 -0.1768
CBAR       10506   10506   10506   10507  0.0010 -0.6422 -0.7666     GGG
$Set Grid Wing
SET1       10501   10501   10502   10503   10504   10505   10506   10507
$Wing's Wing CBAR elem IDs 
SET1       10502   10501   10502   10503   10504   10505   10506
RBE0       10501   10501   10507   10508   10509
RBE0       10502   10502   10509   10510   10511
RBE0       10503   10503   10511   10512   10513
RBE0       10504   10504   10513   10514   10515
RBE0       10505   10505   10515   10516   10517
RBE0       10506   10506   10517   10518   10519
RBE0       10507   10507   10519   10520   10521
$Wing Grid
GRID       10001       0 18.8984 17.0500  1.1495       0
GRID       10002       0 19.1833 17.3479  1.3994       0
GRID       10003       0 19.4682 17.6459  1.6494       0
GRID       10004       0 19.7531 17.9438  1.8993       0
GRID       10005       0 20.0380 18.2418  2.1493       0
GRID       10006       0 20.3229 18.5397  2.3992       0
GRID       10007       0 20.6078 18.8376  2.6492       0
GRID       10008       0 18.5877 17.0502  1.1493       0
GRID       10009       0 19.2091 17.0498  1.1497       0
GRID       10010       0 18.9993 17.4514  1.4859       0
GRID       10011       0 19.3769 17.2391  1.3085       0
GRID       10012       0 19.2973 17.7420  1.7297       0
GRID       10013       0 19.6480 17.5448  1.5649       0
GRID       10014       0 19.5954 18.0325  1.9734       0
GRID       10015       0 19.9191 17.8505  1.8214       0
GRID       10016       0 19.8934 18.3231  2.2172       0
GRID       10017       0 20.1902 18.1562  2.0778       0
GRID       10018       0 20.1914 18.6136  2.4610       0
GRID       10019       0 20.4612 18.4619  2.3343       0
GRID       10020       0 20.4214 18.8378  2.6490       0
GRID       10021       0 20.7942 18.8375  2.6493       0
GRID       10501       0 18.8984-17.0500  1.1495       0
GRID       10502       0 19.1833-17.3479  1.3994       0
GRID       10503       0 19.4682-17.6459  1.6494       0
GRID       10504       0 19.7531-17.9438  1.8993       0
GRID       10505       0 20.0380-18.2418  2.1493       0
GRID       10506       0 20.3229-18.5397  2.3992       0
GRID       10507       0 20.6078-18.8376  2.6492       0
GRID       10508       0 18.5877-17.0502  1.1493       0
GRID       10509       0 19.2091-17.0498  1.1497       0
GRID       10510       0 18.9993-17.4514  1.4859       0
GRID       10511       0 19.3769-17.2391  1.3085       0
GRID       10512       0 19.2973-17.7420  1.7297       0
GRID       10513       0 19.6480-17.5448  1.5649       0
GRID       10514       0 19.5954-18.0325  1.9734       0
GRID       10515       0 19.9191-17.8505  1.8214       0
GRID       10516       0 19.8934-18.3231  2.2172       0
GRID       10517       0 20.1902-18.1562  2.0778       0
GRID       10518       0 20.1914-18.6136  2.4610       0
GRID       10519       0 20.4612-18.4619  2.3343       0
GRID       10520       0 20.4214-18.8378  2.6490       0
GRID       10521       0 20.7942-18.8375  2.6493       0
