
$-------2-------3-------4-------5-------6-------7-------8-------9-------10
$ Node definition
$-------2-------3-------4-------5-------6-------7-------8-------9-------10
GRID    1000    0       0.      0.      -0.989980       0       0       
GRID    1001    0       0.5009330.      -0.920570       0       0       
GRID    1002    0       1.00187 0.      -0.851160       0       0       
GRID    1003    0       1.5028  0.      -0.781750       0       0       
GRID    1004    0       2.00373 0.      -0.712340       0       0       
GRID    1005    0       2.50467 0.      -0.642930       0       0       
GRID    1006    0       3.0056  0.      -0.573520       0       0       
GRID    1007    0       3.50653 0.      -0.504110       0       0       
GRID    1008    0       4.00747 0.      -0.434700       0       0       
GRID    1009    0       4.5084  0.      -0.365290       0       0       
GRID    1010    0       5.00933 0.      -0.295880       0       0       
GRID    1011    0       5.51027 0.      -0.226470       0       0       
GRID    1012    0       6.0112  0.      -0.157060       0       0       
GRID    1013    0       6.51213 0.      -0.087650       0       0       
GRID    1014    0       7.14472 0.      -1.e-0160       0       0       
GRID    1015    0       7.514   0.      -1.e-0160       0       0       
GRID    1016    0       8.01493 0.      -1.e-0160       0       0       
GRID    1017    0       8.51587 0.      -1.e-0160       0       0       
GRID    1018    0       9.0168  0.      -9.e-0170       0       0       
GRID    1019    0       9.51773 0.      -8.e-0170       0       0       
GRID    1020    0       10.0187 0.      -8.e-0170       0       0       
GRID    1021    0       10.5196 0.      -7.e-0170       0       0       
GRID    1022    0       11.0205 0.      -6.e-0170       0       0       
GRID    1023    0       11.5215 0.      -6.e-0170       0       0       
GRID    1024    0       12.0224 0.      -5.e-0170       0       0       
GRID    1025    0       12.5233 0.      -4.e-0170       0       0       
GRID    1026    0       13.0243 0.      -3.e-0170       0       0       
GRID    1027    0       13.5252 0.      -3.e-0170       0       0       
GRID    1028    0       14.0261 0.      -2.e-0170       0       0       
GRID    1029    0       14.5271 0.      -1.e-0170       0       0       
GRID    1030    0       15.028  0.      -1.e-0170       0       0       
GRID    1031    0       15.5289 0.      -4.e-0180       0       0       
GRID    1032    0       15.8446 0.      0.      0       0       0       
GRID    1033    0       16.5308 0.      0.      0       0       0       
GRID    1034    0       17.0317 0.      0.      0       0       0       
GRID    1035    0       17.5327 0.      0.      0       0       0       
GRID    1036    0       18.0336 0.      0.      0       0       0       
GRID    1037    0       18.5345 0.      0.      0       0       0       
GRID    1038    0       18.8306 0.      0.      0       0       0       
GRID    1039    0       19.5364 0.      0.      0       0       0       
GRID    1040    0       20.0373 0.      0.      0       0       0       
GRID    1041    0       20.5383 0.      0.      0       0       0       
GRID    1042    0       21.0392 0.      0.      0       0       0       
GRID    1043    0       21.5401 0.      0.      0       0       0       
GRID    1044    0       22.0411 0.      0.      0       0       0       
GRID    1045    0       22.542  0.      0.      0       0       0       
GRID    1046    0       23.0429 0.      0.      0       0       0       
GRID    1047    0       23.5439 0.      0.      0       0       0       
GRID    1048    0       24.0448 0.      0.      0       0       0       
GRID    1049    0       24.5445 0.      0.      0       0       0       
GRID    1050    0       25.0467 0.      0.0518750       0       0       
GRID    1051    0       25.5476 0.      0.1036240       0       0       
GRID    1052    0       26.0485 0.      0.1553730       0       0       
GRID    1053    0       26.5495 0.      0.2071220       0       0       
GRID    1054    0       27.0504 0.      0.25887 0       0       0       
GRID    1055    0       27.5513 0.      0.3106190       0       0       
GRID    1056    0       28.0523 0.      0.3623680       0       0       
GRID    1057    0       28.5532 0.      0.4141170       0       0       
GRID    1058    0       29.0541 0.      0.4658650       0       0       
GRID    1059    0       29.5551 0.      0.5176140       0       0       
GRID    1060    0       30.056  0.      0.5693630       0       0       
GRID    1061    0       30.5569 0.      0.6211120       0       0       
GRID    1062    0       31.0579 0.      0.67286 0       0       0       
GRID    1063    0       31.5588 0.      0.7246090       0       0       
GRID    1064    0       32.0597 0.      0.7763580       0       0       
GRID    1065    0       32.6969 0.      0.84218 0       0       0       
GRID    1066    0       33.0001 0.      0.8735040       0       0       
GRID    1067    0       33.5625 0.      0.9316040       0       0       
GRID    1068    0       34.0635 0.      0.9833530       0       0       
GRID    1069    0       34.5644 0.      1.0351  0       0       0       
GRID    1070    0       35.0653 0.      1.08685 0       0       0       
GRID    1071    0       35.5663 0.      1.1386  0       0       0       
GRID    1072    0       36.0672 0.      1.19035 0       0       0       
GRID    1073    0       36.5681 0.      1.2421  0       0       0       
GRID    1074    0       37.0691 0.      1.29385 0       0       0       
GRID    1075    0       37.57   0.      1.34559 0       0       0       
GRID    2001    0       18.8306 1.34218 -1.698530       0       0       
GRID    2002    0       18.8306 2.68437 -1.698530       0       0       
GRID    2003    0       18.9562 3.03705 -1.694790       0       0       
GRID    2004    0       19.0819 3.38973 -1.691060       0       0       
GRID    2005    0       19.2075 3.74242 -1.687330       0       0       
GRID    2006    0       19.3331 4.0951  -1.6836 0       0       0       
GRID    2007    0       19.4587 4.44778 -1.679860       0       0       
GRID    2008    0       19.5844 4.80046 -1.676130       0       0       
GRID    2009    0       19.71   5.15315 -1.6724 0       0       0       
GRID    2010    0       19.8356 5.50583 -1.668660       0       0       
GRID    2011    0       20.0485 5.87825 -1.666570       0       0       
GRID    2012    0       20.2614 6.25067 -1.664480       0       0       
GRID    2013    0       20.4742 6.62309 -1.662380       0       0       
GRID    2014    0       20.6871 6.9955  -1.660290       0       0       
GRID    2015    0       20.9    7.36792 -1.658190       0       0       
GRID    2016    0       21.1129 7.74034 -1.6561 0       0       0       
GRID    2017    0       21.3257 8.11276 -1.654010       0       0       
GRID    2018    0       21.5386 8.48518 -1.651910       0       0       
GRID    2019    0       21.7515 8.8576  -1.649820       0       0       
GRID    2020    0       21.9643 9.23002 -1.647720       0       0       
GRID    2021    0       22.1772 9.60244 -1.645630       0       0       
GRID    2022    0       22.3901 9.97485 -1.643540       0       0       
GRID    2023    0       22.6029 10.3473 -1.641440       0       0       
GRID    2024    0       22.8158 10.7197 -1.639350       0       0       
GRID    2025    0       23.0287 11.0921 -1.637260       0       0       
GRID    2026    0       23.2416 11.4645 -1.635160       0       0       
GRID    2027    0       23.4544 11.8369 -1.633070       0       0       
GRID    2028    0       23.6673 12.2094 -1.630970       0       0       
GRID    2029    0       23.8802 12.5818 -1.628880       0       0       
GRID    2030    0       24.093  12.9542 -1.626790       0       0       
GRID    2031    0       24.3059 13.3266 -1.624690       0       0       
GRID    2032    0       24.5188 13.699  -1.6226 0       0       0       
GRID    2033    0       24.7316 14.0715 -1.6205 0       0       0       
GRID    2034    0       24.9445 14.4439 -1.618410       0       0       
GRID    2035    0       25.1574 14.8163 -1.616320       0       0       
GRID    2036    0       25.3703 15.1887 -1.614220       0       0       
GRID    2037    0       25.5831 15.5611 -1.612130       0       0       
GRID    2038    0       25.796  15.9336 -1.610030       0       0       
GRID    2039    0       26.0089 16.306  -1.607940       0       0       
GRID    2040    0       26.219  16.6738 -1.605870       0       0       
GRID    2041    0       26.4291 17.0416 -1.6038 0       0       0       
GRID    2042    0       26.6392 17.4094 -1.601730       0       0       
GRID    2043    0       26.8492 17.7772 -1.599670       0       0       
GRID    2044    0       27.0593 18.145  -1.5976 0       0       0       
GRID    2045    0       27.2694 18.5128 -1.595530       0       0       
GRID    2046    0       27.4795 18.8806 -1.593460       0       0       
GRID    2047    0       27.6896 19.2484 -1.591390       0       0       
GRID    2048    0       27.8997 19.6162 -1.589320       0       0       
GRID    2049    0       28.1098 19.984  -1.587250       0       0       
GRID    2050    0       28.3199 20.3518 -1.585180       0       0       
GRID    2051    0       28.53   20.7196 -1.583110       0       0       
GRID    2052    0       28.7401 21.0874 -1.581050       0       0       
GRID    2053    0       28.9502 21.4552 -1.578980       0       0       
GRID    2054    0       29.1603 21.823  -1.576910       0       0       
GRID    2055    0       29.3704 22.1908 -1.574840       0       0       
GRID    2056    0       29.5805 22.5586 -1.572770       0       0       
GRID    2057    0       29.7906 22.9264 -1.5707 0       0       0       
GRID    2058    0       30.0007 23.2943 -1.568630       0       0       
GRID    2000    0       18.8306 -0.     -1.698530       0       0       
GRID    2059    0       18.8306 -1.34218-1.698530       0       0       
GRID    2060    0       18.8306 -2.68437-1.698530       0       0       
GRID    2061    0       18.9562 -3.03705-1.694790       0       0       
GRID    2062    0       19.0819 -3.38973-1.691060       0       0       
GRID    2063    0       19.2075 -3.74242-1.687330       0       0       
GRID    2064    0       19.3331 -4.0951 -1.6836 0       0       0       
GRID    2065    0       19.4587 -4.44778-1.679860       0       0       
GRID    2066    0       19.5844 -4.80046-1.676130       0       0       
GRID    2067    0       19.71   -5.15315-1.6724 0       0       0       
GRID    2068    0       19.8356 -5.50583-1.668660       0       0       
GRID    2069    0       20.0485 -5.87825-1.666570       0       0       
GRID    2070    0       20.2614 -6.25067-1.664480       0       0       
GRID    2071    0       20.4742 -6.62309-1.662380       0       0       
GRID    2072    0       20.6871 -6.9955 -1.660290       0       0       
GRID    2073    0       20.9    -7.36792-1.658190       0       0       
GRID    2074    0       21.1129 -7.74034-1.6561 0       0       0       
GRID    2075    0       21.3257 -8.11276-1.654010       0       0       
GRID    2076    0       21.5386 -8.48518-1.651910       0       0       
GRID    2077    0       21.7515 -8.8576 -1.649820       0       0       
GRID    2078    0       21.9643 -9.23002-1.647720       0       0       
GRID    2079    0       22.1772 -9.60244-1.645630       0       0       
GRID    2080    0       22.3901 -9.97485-1.643540       0       0       
GRID    2081    0       22.6029 -10.3473-1.641440       0       0       
GRID    2082    0       22.8158 -10.7197-1.639350       0       0       
GRID    2083    0       23.0287 -11.0921-1.637260       0       0       
GRID    2084    0       23.2416 -11.4645-1.635160       0       0       
GRID    2085    0       23.4544 -11.8369-1.633070       0       0       
GRID    2086    0       23.6673 -12.2094-1.630970       0       0       
GRID    2087    0       23.8802 -12.5818-1.628880       0       0       
GRID    2088    0       24.093  -12.9542-1.626790       0       0       
GRID    2089    0       24.3059 -13.3266-1.624690       0       0       
GRID    2090    0       24.5188 -13.699 -1.6226 0       0       0       
GRID    2091    0       24.7316 -14.0715-1.6205 0       0       0       
GRID    2092    0       24.9445 -14.4439-1.618410       0       0       
GRID    2093    0       25.1574 -14.8163-1.616320       0       0       
GRID    2094    0       25.3703 -15.1887-1.614220       0       0       
GRID    2095    0       25.5831 -15.5611-1.612130       0       0       
GRID    2096    0       25.796  -15.9336-1.610030       0       0       
GRID    2097    0       26.0089 -16.306 -1.607940       0       0       
GRID    2098    0       26.219  -16.6738-1.605870       0       0       
GRID    2099    0       26.4291 -17.0416-1.6038 0       0       0       
GRID    2100    0       26.6392 -17.4094-1.601730       0       0       
GRID    2101    0       26.8492 -17.7772-1.599670       0       0       
GRID    2102    0       27.0593 -18.145 -1.5976 0       0       0       
GRID    2103    0       27.2694 -18.5128-1.595530       0       0       
GRID    2104    0       27.4795 -18.8806-1.593460       0       0       
GRID    2105    0       27.6896 -19.2484-1.591390       0       0       
GRID    2106    0       27.8997 -19.6162-1.589320       0       0       
GRID    2107    0       28.1098 -19.984 -1.587250       0       0       
GRID    2108    0       28.3199 -20.3518-1.585180       0       0       
GRID    2109    0       28.53   -20.7196-1.583110       0       0       
GRID    2110    0       28.7401 -21.0874-1.581050       0       0       
GRID    2111    0       28.9502 -21.4552-1.578980       0       0       
GRID    2112    0       29.1603 -21.823 -1.576910       0       0       
GRID    2113    0       29.3704 -22.1908-1.574840       0       0       
GRID    2114    0       29.5805 -22.5586-1.572770       0       0       
GRID    2115    0       29.7906 -22.9264-1.5707 0       0       0       
GRID    2116    0       30.0007 -23.2943-1.568630       0       0       
GRID    3000    0       33.0001 0.      1.80001 0       0       0       
GRID    3001    0       33.2237 0.      2.18118 0       0       0       
GRID    3002    0       33.4473 0.      2.56234 0       0       0       
GRID    3003    0       33.6709 0.      2.94351 0       0       0       
GRID    3004    0       33.8945 0.      3.32468 0       0       0       
GRID    3005    0       34.1181 0.      3.70584 0       0       0       
GRID    3006    0       34.3417 0.      4.08701 0       0       0       
GRID    3007    0       34.5653 0.      4.46818 0       0       0       
GRID    3008    0       34.7889 0.      4.84934 0       0       0       
GRID    3009    0       35.0125 0.      5.23051 0       0       0       
GRID    3010    0       35.2361 0.      5.61168 0       0       0       
GRID    3011    0       35.4597 0.      5.99284 0       0       0       
GRID    3012    0       35.6833 0.      6.37401 0       0       0       
GRID    4001    0       32.6969 0.5683711.64998 0       0       0       
GRID    4002    0       32.6969 1.13674 1.64998 0       0       0       
GRID    4003    0       32.4774 1.45615 1.54619 0       0       0       
GRID    4004    0       32.2579 1.77555 1.44241 0       0       0       
GRID    4005    0       32.0384 2.09496 1.33863 0       0       0       
GRID    4006    0       31.8189 2.41436 1.23485 0       0       0       
GRID    4007    0       31.5994 2.73377 1.13107 0       0       0       
GRID    4008    0       31.3799 3.05318 1.02729 0       0       0       
GRID    4009    0       31.1604 3.37258 0.9235070       0       0       
GRID    4010    0       30.9409 3.69199 0.8197260       0       0       
GRID    4011    0       30.7214 4.01139 0.7159450       0       0       
GRID    4012    0       30.5019 4.3308  0.6121640       0       0       
GRID    4013    0       30.2824 4.6502  0.5083830       0       0       
GRID    4014    0       30.0629 4.96961 0.4046010       0       0       
GRID    4015    0       29.8433 5.28901 0.30082 0       0       0       
GRID    4016    0       29.6186 5.6161  0.1945440       0       0       
GRID    4017    0       29.3938 5.94319 0.0882660       0       0       
GRID    4018    0       29.169  6.27027 -0.018000       0       0       
GRID    4019    0       28.9442 6.59736 -0.124280       0       0       
GRID    4020    0       28.7194 6.92445 -0.230560       0       0       
GRID    4021    0       28.4947 7.25153 -0.336840       0       0       
GRID    4022    0       28.2699 7.57862 -0.443110       0       0       
GRID    4023    0       28.0451 7.9057  -0.549390       0       0       
GRID    4024    0       27.8203 8.23279 -0.655670       0       0       
GRID    4025    0       27.5955 8.55988 -0.761940       0       0       
GRID    4026    0       27.3708 8.88696 -0.868220       0       0       
GRID    4027    0       27.146  9.21405 -0.974500       0       0       
GRID    4028    0       26.9212 9.54114 -1.080780       0       0       
GRID    4029    0       26.6964 9.86822 -1.187050       0       0       
GRID    4030    0       26.4716 10.1953 -1.293330       0       0       
GRID    4031    0       26.2468 10.5224 -1.399610       0       0       
GRID    4000    0       32.6969 -0.     1.64998 0       0       0       
GRID    4032    0       32.6969 -0.568371.64998 0       0       0       
GRID    4033    0       32.6969 -1.136741.64998 0       0       0       
GRID    4034    0       32.4774 -1.456151.54619 0       0       0       
GRID    4035    0       32.2579 -1.775551.44241 0       0       0       
GRID    4036    0       32.0384 -2.094961.33863 0       0       0       
GRID    4037    0       31.8189 -2.414361.23485 0       0       0       
GRID    4038    0       31.5994 -2.733771.13107 0       0       0       
GRID    4039    0       31.3799 -3.053181.02729 0       0       0       
GRID    4040    0       31.1604 -3.372580.9235070       0       0       
GRID    4041    0       30.9409 -3.691990.8197260       0       0       
GRID    4042    0       30.7214 -4.011390.7159450       0       0       
GRID    4043    0       30.5019 -4.3308 0.6121640       0       0       
GRID    4044    0       30.2824 -4.6502 0.5083830       0       0       
GRID    4045    0       30.0629 -4.969610.4046010       0       0       
GRID    4046    0       29.8433 -5.289010.30082 0       0       0       
GRID    4047    0       29.6186 -5.6161 0.1945440       0       0       
GRID    4048    0       29.3938 -5.943190.0882660       0       0       
GRID    4049    0       29.169  -6.27027-0.018000       0       0       
GRID    4050    0       28.9442 -6.59736-0.124280       0       0       
GRID    4051    0       28.7194 -6.92445-0.230560       0       0       
GRID    4052    0       28.4947 -7.25153-0.336840       0       0       
GRID    4053    0       28.2699 -7.57862-0.443110       0       0       
GRID    4054    0       28.0451 -7.9057 -0.549390       0       0       
GRID    4055    0       27.8203 -8.23279-0.655670       0       0       
GRID    4056    0       27.5955 -8.55988-0.761940       0       0       
GRID    4057    0       27.3708 -8.88696-0.868220       0       0       
GRID    4058    0       27.146  -9.21405-0.974500       0       0       
GRID    4059    0       26.9212 -9.54114-1.080780       0       0       
GRID    4060    0       26.6964 -9.86822-1.187050       0       0       
GRID    4061    0       26.4716 -10.1953-1.293330       0       0       
GRID    4062    0       26.2468 -10.5224-1.399610       0       0       
GRID    7000    0       20.6635 11.1812 -1.741110       0       0       
GRID    7001    0       20.7702 11.1812 -1.741110       0       0       
GRID    7002    0       20.8768 11.1812 -1.741110       0       0       
GRID    7003    0       20.9835 11.1812 -1.741110       0       0       
GRID    7004    0       21.0902 11.1812 -1.741110       0       0       
GRID    7005    0       21.1968 11.1812 -1.741110       0       0       
GRID    7006    0       21.3035 11.1812 -1.741110       0       0       
GRID    7007    0       21.4102 11.1812 -1.741110       0       0       
GRID    7008    0       21.5168 11.1812 -1.741110       0       0       
GRID    7009    0       21.6235 11.1812 -1.741110       0       0       
GRID    7010    0       21.7302 11.1812 -1.741110       0       0       
GRID    7011    0       21.8368 11.1812 -1.741110       0       0       
GRID    7012    0       21.9435 11.1812 -1.741110       0       0       
GRID    7013    0       22.0502 11.1812 -1.741110       0       0       
GRID    7014    0       22.1568 11.1812 -1.741110       0       0       
GRID    7015    0       22.2635 11.1812 -1.741110       0       0       
GRID    7016    0       22.3702 11.1812 -1.741110       0       0       
GRID    7017    0       22.4768 11.1812 -1.741110       0       0       
GRID    7018    0       22.5835 11.1812 -1.741110       0       0       
GRID    7019    0       22.6902 11.1812 -1.741110       0       0       
GRID    7020    0       22.7968 11.1812 -1.741110       0       0       
GRID    7021    0       22.9035 11.1812 -1.741110       0       0       
GRID    7022    0       23.0102 11.1812 -1.741110       0       0       
GRID    7023    0       23.0796 11.1812 -1.741110       0       0       
GRID    7024    0       23.2235 11.1812 -1.741110       0       0       
GRID    7025    0       23.3302 11.1812 -1.741110       0       0       
GRID    7026    0       23.4368 11.1812 -1.741110       0       0       
GRID    7027    0       23.5435 11.1812 -1.741110       0       0       
GRID    7028    0       23.6502 11.1812 -1.741110       0       0       
GRID    7029    0       23.7568 11.1812 -1.741110       0       0       
GRID    7030    0       23.8635 11.1812 -1.741110       0       0       
GRID    7031    0       23.9702 11.1812 -1.741110       0       0       
GRID    7032    0       24.0768 11.1812 -1.741110       0       0       
GRID    7033    0       24.1835 11.1812 -1.741110       0       0       
GRID    7034    0       24.2902 11.1812 -1.741110       0       0       
GRID    7035    0       24.3968 11.1812 -1.741110       0       0       
GRID    7036    0       24.5035 11.1812 -1.741110       0       0       
GRID    7037    0       24.6102 11.1812 -1.741110       0       0       
GRID    7038    0       24.7168 11.1812 -1.741110       0       0       
GRID    7039    0       24.8235 11.1812 -1.741110       0       0       
GRID    7040    0       24.9302 11.1812 -1.741110       0       0       
GRID    7041    0       25.0368 11.1812 -1.741110       0       0       
GRID    7042    0       25.1435 11.1812 -1.741110       0       0       
GRID    7043    0       25.2502 11.1812 -1.741110       0       0       
GRID    7044    0       25.3568 11.1812 -1.741110       0       0       
GRID    7045    0       25.4635 11.1812 -1.741110       0       0       
GRID    7046    0       25.5702 11.1812 -1.741110       0       0       
GRID    7047    0       25.6768 11.1812 -1.741110       0       0       
GRID    7048    0       25.7835 11.1812 -1.741110       0       0       
GRID    7049    0       25.8902 11.1812 -1.741110       0       0       
GRID    7050    0       25.9968 11.1812 -1.741110       0       0       
GRID    7051    0       26.1035 11.1812 -1.741110       0       0       
GRID    7052    0       26.2102 11.1812 -1.741110       0       0       
GRID    7053    0       26.3168 11.1812 -1.741110       0       0       
GRID    7054    0       26.4235 11.1812 -1.741110       0       0       
GRID    7055    0       26.5302 11.1812 -1.741110       0       0       
GRID    7056    0       26.6368 11.1812 -1.741110       0       0       
GRID    7057    0       26.7435 11.1812 -1.741110       0       0       
GRID    7058    0       26.8502 11.1812 -1.741110       0       0       
GRID    7059    0       26.9568 11.1812 -1.741110       0       0       
GRID    7060    0       27.0635 11.1812 -1.741110       0       0       
GRID    7061    0       27.1702 11.1812 -1.741110       0       0       
GRID    7062    0       27.2768 11.1812 -1.741110       0       0       
GRID    7063    0       27.3835 11.1812 -1.741110       0       0       
GRID    7064    0       27.4902 11.1812 -1.741110       0       0       
GRID    7065    0       27.5968 11.1812 -1.741110       0       0       
GRID    7066    0       27.7035 11.1812 -1.741110       0       0       
GRID    7067    0       27.8102 11.1812 -1.741110       0       0       
GRID    7068    0       27.9168 11.1812 -1.741110       0       0       
GRID    7069    0       28.0235 11.1812 -1.741110       0       0       
GRID    7070    0       28.1302 11.1812 -1.741110       0       0       
GRID    7071    0       28.2368 11.1812 -1.741110       0       0       
GRID    7072    0       28.3435 11.1812 -1.741110       0       0       
GRID    7073    0       28.4502 11.1812 -1.741110       0       0       
GRID    7074    0       28.5568 11.1812 -1.741110       0       0       
GRID    7075    0       28.6635 11.1812 -1.741110       0       0       
GRID    7076    0       20.6635 -11.1812-1.741110       0       0       
GRID    7077    0       20.7702 -11.1812-1.741110       0       0       
GRID    7078    0       20.8768 -11.1812-1.741110       0       0       
GRID    7079    0       20.9835 -11.1812-1.741110       0       0       
GRID    7080    0       21.0902 -11.1812-1.741110       0       0       
GRID    7081    0       21.1968 -11.1812-1.741110       0       0       
GRID    7082    0       21.3035 -11.1812-1.741110       0       0       
GRID    7083    0       21.4102 -11.1812-1.741110       0       0       
GRID    7084    0       21.5168 -11.1812-1.741110       0       0       
GRID    7085    0       21.6235 -11.1812-1.741110       0       0       
GRID    7086    0       21.7302 -11.1812-1.741110       0       0       
GRID    7087    0       21.8368 -11.1812-1.741110       0       0       
GRID    7088    0       21.9435 -11.1812-1.741110       0       0       
GRID    7089    0       22.0502 -11.1812-1.741110       0       0       
GRID    7090    0       22.1568 -11.1812-1.741110       0       0       
GRID    7091    0       22.2635 -11.1812-1.741110       0       0       
GRID    7092    0       22.3702 -11.1812-1.741110       0       0       
GRID    7093    0       22.4768 -11.1812-1.741110       0       0       
GRID    7094    0       22.5835 -11.1812-1.741110       0       0       
GRID    7095    0       22.6902 -11.1812-1.741110       0       0       
GRID    7096    0       22.7968 -11.1812-1.741110       0       0       
GRID    7097    0       22.9035 -11.1812-1.741110       0       0       
GRID    7098    0       23.0102 -11.1812-1.741110       0       0       
GRID    7099    0       23.0796 -11.1812-1.741110       0       0       
GRID    7100    0       23.2235 -11.1812-1.741110       0       0       
GRID    7101    0       23.3302 -11.1812-1.741110       0       0       
GRID    7102    0       23.4368 -11.1812-1.741110       0       0       
GRID    7103    0       23.5435 -11.1812-1.741110       0       0       
GRID    7104    0       23.6502 -11.1812-1.741110       0       0       
GRID    7105    0       23.7568 -11.1812-1.741110       0       0       
GRID    7106    0       23.8635 -11.1812-1.741110       0       0       
GRID    7107    0       23.9702 -11.1812-1.741110       0       0       
GRID    7108    0       24.0768 -11.1812-1.741110       0       0       
GRID    7109    0       24.1835 -11.1812-1.741110       0       0       
GRID    7110    0       24.2902 -11.1812-1.741110       0       0       
GRID    7111    0       24.3968 -11.1812-1.741110       0       0       
GRID    7112    0       24.5035 -11.1812-1.741110       0       0       
GRID    7113    0       24.6102 -11.1812-1.741110       0       0       
GRID    7114    0       24.7168 -11.1812-1.741110       0       0       
GRID    7115    0       24.8235 -11.1812-1.741110       0       0       
GRID    7116    0       24.9302 -11.1812-1.741110       0       0       
GRID    7117    0       25.0368 -11.1812-1.741110       0       0       
GRID    7118    0       25.1435 -11.1812-1.741110       0       0       
GRID    7119    0       25.2502 -11.1812-1.741110       0       0       
GRID    7120    0       25.3568 -11.1812-1.741110       0       0       
GRID    7121    0       25.4635 -11.1812-1.741110       0       0       
GRID    7122    0       25.5702 -11.1812-1.741110       0       0       
GRID    7123    0       25.6768 -11.1812-1.741110       0       0       
GRID    7124    0       25.7835 -11.1812-1.741110       0       0       
GRID    7125    0       25.8902 -11.1812-1.741110       0       0       
GRID    7126    0       25.9968 -11.1812-1.741110       0       0       
GRID    7127    0       26.1035 -11.1812-1.741110       0       0       
GRID    7128    0       26.2102 -11.1812-1.741110       0       0       
GRID    7129    0       26.3168 -11.1812-1.741110       0       0       
GRID    7130    0       26.4235 -11.1812-1.741110       0       0       
GRID    7131    0       26.5302 -11.1812-1.741110       0       0       
GRID    7132    0       26.6368 -11.1812-1.741110       0       0       
GRID    7133    0       26.7435 -11.1812-1.741110       0       0       
GRID    7134    0       26.8502 -11.1812-1.741110       0       0       
GRID    7135    0       26.9568 -11.1812-1.741110       0       0       
GRID    7136    0       27.0635 -11.1812-1.741110       0       0       
GRID    7137    0       27.1702 -11.1812-1.741110       0       0       
GRID    7138    0       27.2768 -11.1812-1.741110       0       0       
GRID    7139    0       27.3835 -11.1812-1.741110       0       0       
GRID    7140    0       27.4902 -11.1812-1.741110       0       0       
GRID    7141    0       27.5968 -11.1812-1.741110       0       0       
GRID    7142    0       27.7035 -11.1812-1.741110       0       0       
GRID    7143    0       27.8102 -11.1812-1.741110       0       0       
GRID    7144    0       27.9168 -11.1812-1.741110       0       0       
GRID    7145    0       28.0235 -11.1812-1.741110       0       0       
GRID    7146    0       28.1302 -11.1812-1.741110       0       0       
GRID    7147    0       28.2368 -11.1812-1.741110       0       0       
GRID    7148    0       28.3435 -11.1812-1.741110       0       0       
GRID    7149    0       28.4502 -11.1812-1.741110       0       0       
GRID    7150    0       28.5568 -11.1812-1.741110       0       0       
GRID    7151    0       28.6635 -11.1812-1.741110       0       0       

$-------2-------3-------4-------5-------6-------7-------8-------9-------10
$ Bodies and lifting surfaces definition
$-------2-------3-------4-------5-------6-------7-------8-------9-------10
CORD2R  1       0       0       0       0       0       0       8.69989 
        8.69989 0       0       
CAEROB  1       0       0       0       1       37.57   41      1       
        0       0       0.0100090.4237870.0200180.6429350.0300270.820457
        0.0400360.9754070.0500451.11548 0.0600541.24473 0.0700631.36563 
        0.0800721.47981 0.0900811.58842 0.10009 1.69231 0.1100991.79213 
        0.1201081.8884  0.1301171.98152 0.1401262.07182 0.1501352.15958 
        0.1601442.24504 0.1701532.32839 0.1801622.40981 0.1901712.48945 
        0.4217362.4873  0.6533012.4873  0.6715482.41065 0.6897952.33218 
        0.7080432.25174 0.72629 2.16915 0.7445372.08421 0.7627851.99668 
        0.7810321.90626 0.7992791.8126  0.8175271.71529 0.8357741.61379 
        0.8540211.5074  0.8722691.39526 0.8905161.27613 0.9087631.14829 
        0.9270111.00912 0.9452580.8542920.9635050.6755460.9817530.452238
        1       0       ENDT
CAERO1  200     0       0       8       21      0012    0012    1       
        16.323  0       -1.600685.02203 2.68437 1       0       4.47    4.47    
CAERO1  250     -0      0       8       21      0012    0012    1       
        16.323  -0      -1.600685.02203 -2.684371       -0      4.47    4.47    
CAERO1  201     0       0       8       14      0012    0012    1       
        16.323  2.68437 -1.600685.02203 2.82146 0.69480826.1809 4.47    4.47    
        1       0.2     0.2     7         flap1r
CAERO1  251     -0      0       8       14      0012    0012    1       
        16.323  -2.68437-1.600685.02203 -2.821460.694808-26.18094.47    4.47    
        1       0.2     0.2     7         flap1l
CAERO1  202     0       0       31      14      0012    0012    1       
        18.0932 5.50583 -1.600683.48935 10.8001 0.65289930.9392 4.47    0.73072 
        1       0.2     0.2     7         flap2r
CAERO1  252     -0      0       31      14      0012    0012    1       
        18.0932 -5.50583-1.600683.48935 -10.80010.652899-30.93924.47    0.73072 
        1       0.2     0.2     7         flap2l
CAERO1  205     0       0       16      21      0012    0012    1       
        24.8698 16.306  -1.600682.27819 5.59062 0.72479230.9391 0.73072 -3.78986
CAERO1  204     0       0       20      14      0012    0012    1       
        28.3777 21.8966 -1.600681.65122 1.39766 0.90507430.9391 -3.78986-4.92   
        1       0.2     0.2     7       aileronr
CAERO1  255     -0      0       16      21      0012    0012    1       
        24.8698 -16.306 -1.600682.27819 -5.590620.724792-30.93910.73072 -3.78986
CAERO1  254     -0      0       20      14      0012    0012    1       
        28.3777 -21.8966-1.600681.65122 -1.397660.905074-30.9391-3.78986-4.92   
        1       0.2     0.2     7       aileronl
CAERO1  400     0       0       4       7       0012    0012    1       
        31.8817 0       1.64998 2.03802 1.13674 1       0       0       0       
CAERO1  450     -0      0       4       7       0012    0012    1       
        31.8817 -0      1.64998 2.03802 -1.136741       -0      0       0       
CAERO1  401     -18     0       4       4       0012    0012    1       
        31.8817 1.13674 1.64998 2.03802 4.36596 0.883205-32.83870       0       
        1       0.2     0.2     3         elev1r
CAERO1  451     18      0       4       4       0012    0012    1       
        31.8817 -1.136741.64998 2.03802 -4.365960.88320532.8387 0       0       
        1       0.2     0.2     3         elev1l
CAERO1  402     -18     0       5       4       0012    0012    1       
        29.1234 5.28901 0.30082 1.79999 5.5027  0.833341-32.83870       0       
        1       0.2     0.2     3         elev2r
CAERO1  452     18      0       5       4       0012    0012    1       
        29.1234 -5.289010.30082 1.79999 -5.5027 0.83334132.8387 0       0       
        1       0.2     0.2     3         elev2l
CAERO1  301     90      0       6       14      0012    0012    1       
        31.0001 0       1.80001 4.99997 2.287   0.7     34.4109 0       0       
        1       0.2     0.2     7        rudder1
CAERO1  302     90      0       6       14      0012    0012    1       
        32.9417 1.4e-0164.08701 3.49998 2.287   0.57142934.4109 0       0       
        1       0.2     0.2     7        rudder2

$-------2-------3-------4-------5-------6-------7-------8-------9-------10
$ Links aeroelastic variables
$-------2-------3-------4-------5-------6-------7-------8-------9-------10
AELINK  1         flap1l  flap1r-1.0    
AELINK  2         flap2l  flap2r-1.0    
AELINK  3       aileronlaileronr1.0     
AELINK  4        rudder2 rudder11.0     
AELINK  5         elev2r  elev1r1.0     
AELINK  6         elev1l  elev1r-1.0    
AELINK  7         elev2l  elev1r-1.0    
PARAM   DIVERG  1       
AEROS           0       3.3561  46.5885 143.546 0       0       
PARAM   GRDPNT  1044    
CONM2   1       1044    0       58675.6 -0.168560       -0.26047
        3.0e+0060.      2.3e+0060.      0.      5.2e+006
TRIM=   1       
$ Run solve_vlm_rigid and get aero data
TRIM    1       1       0.3     0.0     SIDES   0.0     ROLL    0.0     
        PITCH   0.0     YAW     0.0     URDD2   0.0     URDD3   9.81    
        URDD4   0.0     URDD5   0.0     URDD6   0.0     ANGLEA  0.0     
          elev1r0.0       flap1r0.0       flap2r0.0      rudder10.0     
        aileronr0.0     
GRID    9000    0       21.172  0.      -1.698530       0       0       
PARAM   LANDG   9000
