   1.0000000e+00   0.0000000e+00
   9.9624000e-01   1.1000000e-03
   9.8570000e-01   4.5800000e-03
   9.6960000e-01   1.0220000e-02
   9.4850000e-01   1.7170000e-02
   9.2234000e-01   2.5100000e-02
   8.9144000e-01   3.4150000e-02
   8.5647000e-01   4.4260000e-02
   8.1811000e-01   5.5180000e-02
   7.7701000e-01   6.6600000e-02
   7.3377000e-01   7.8110000e-02
   6.8899000e-01   8.9330000e-02
   6.4318000e-01   9.9830000e-02
   5.9684000e-01   1.0919000e-01
   5.5041000e-01   1.1691000e-01
   5.0401000e-01   1.2252000e-01
   4.5767000e-01   1.2595000e-01
   4.1166000e-01   1.2731000e-01
   3.6630000e-01   1.2668000e-01
   3.2197000e-01   1.2417000e-01
   2.7905000e-01   1.1990000e-01
   2.3794000e-01   1.1405000e-01
   1.9905000e-01   1.0676000e-01
   1.6279000e-01   9.8190000e-02
   1.2950000e-01   8.8480000e-02
   9.9510000e-02   7.7820000e-02
   7.3080000e-02   6.6400000e-02
   5.0450000e-02   5.4460000e-02
   3.1820000e-02   4.2230000e-02
   1.7340000e-02   3.0030000e-02
   7.1200000e-03   1.8230000e-02
   1.3300000e-03   7.3600000e-03
   3.2000000e-04   3.6300000e-03
   6.0000000e-05   1.7700000e-03
   5.0000000e-05  -8.3000000e-04
   1.7000000e-04  -1.6200000e-03
   3.7000000e-04  -2.3700000e-03
   6.6000000e-04  -3.1000000e-03
   1.0500000e-03  -3.8200000e-03
   1.5300000e-03  -4.5600000e-03
   2.6800000e-03  -6.0300000e-03
   4.1000000e-03  -7.5200000e-03
   6.6700000e-03  -9.7700000e-03
   1.7750000e-02  -1.6610000e-02
   3.4910000e-02  -2.3760000e-02
   5.7160000e-02  -3.0450000e-02
   8.4250000e-02  -3.6610000e-02
   1.1583000e-01  -4.2230000e-02
   1.5147000e-01  -4.7260000e-02
   1.9069000e-01  -5.1630000e-02
   2.3302000e-01  -5.5250000e-02
   2.7794000e-01  -5.8050000e-02
   3.2490000e-01  -5.9950000e-02
   3.7330000e-01  -6.0860000e-02
   4.2251000e-01  -6.0640000e-02
   4.7188000e-01  -5.8940000e-02
   5.2114000e-01  -5.5220000e-02
   5.7048000e-01  -4.9320000e-02
   6.2005000e-01  -4.1570000e-02
   6.6976000e-01  -3.2550000e-02
   7.1941000e-01  -2.3030000e-02
   7.6840000e-01  -1.4040000e-02
   8.1569000e-01  -6.3900000e-03
   8.6008000e-01  -6.0000000e-04
   9.0035000e-01   3.0500000e-03
   9.3527000e-01   4.5000000e-03
   9.6351000e-01   3.9700000e-03
   9.8390000e-01   2.2900000e-03
   9.9601000e-01   6.6000000e-04
   1.0000000e+00   0.0000000e+00
