	1.00000	 0.00000
	0.95000	 0.00605
	0.90000	 0.01086
	0.80000	 0.01967
	0.70000	 0.02748
	0.60000	 0.03423
	0.50000	 0.03971
	0.40000	 0.04352
	0.30000	 0.04501
	0.25000	 0.04456
	0.20000	 0.04303
	0.15000	 0.04009
	0.10000	 0.03512
	0.07500	 0.03150
	0.05000	 0.02666
	0.02500	 0.01961
	0.01250	 0.01420
	0.00500	 0.00890
	0.00000	 0.00000
	0.00500	-0.00890
	0.00875	-0.01182
	0.01250	-0.01420
	0.02500	-0.01961
	0.05000	-0.02666
	0.07500	-0.03150
	0.10000	-0.03512
	0.15000	-0.04009
	0.20000	-0.04303
	0.25000	-0.04456
	0.30000	-0.04501
	0.40000	-0.04352
	0.50000	-0.03971
	0.60000	-0.03423
	0.70000	-0.02748
	0.80000	-0.01967
	0.90000	-0.01086
	0.95000	-0.00605
	1.00000	 0.00000