
$-------2-------3-------4-------5-------6-------7-------8-------9-------10
$ Node definition
$-------2-------3-------4-------5-------6-------7-------8-------9-------10
GRID    1000    0       0.      0.      -0.823050       0       0       
GRID    1001    0       0.5009330.      -0.765350       0       0       
GRID    1002    0       1.00187 0.      -0.707640       0       0       
GRID    1003    0       1.5028  0.      -0.649930       0       0       
GRID    1004    0       2.00373 0.      -0.592220       0       0       
GRID    1005    0       2.50467 0.      -0.534520       0       0       
GRID    1006    0       3.0056  0.      -0.476810       0       0       
GRID    1007    0       3.50653 0.      -0.419100       0       0       
GRID    1008    0       4.00747 0.      -0.361390       0       0       
GRID    1009    0       4.5084  0.      -0.303690       0       0       
GRID    1010    0       5.00933 0.      -0.245980       0       0       
GRID    1011    0       5.51027 0.      -0.188270       0       0       
GRID    1012    0       6.0112  0.      -0.130560       0       0       
GRID    1013    0       6.51213 0.      -0.072860       0       0       
GRID    1014    0       7.1449  0.      3.4e-0050       0       0       
GRID    1015    0       7.514   0.      3.2e-0050       0       0       
GRID    1016    0       8.01493 0.      3.0e-0050       0       0       
GRID    1017    0       8.51587 0.      2.8e-0050       0       0       
GRID    1018    0       9.0168  0.      2.6e-0050       0       0       
GRID    1019    0       9.51773 0.      2.4e-0050       0       0       
GRID    1020    0       10.0187 0.      2.2e-0050       0       0       
GRID    1021    0       10.5196 0.      2.0e-0050       0       0       
GRID    1022    0       11.0205 0.      1.8e-0050       0       0       
GRID    1023    0       11.5215 0.      1.6e-0050       0       0       
GRID    1024    0       12.0224 0.      1.4e-0050       0       0       
GRID    1025    0       12.5233 0.      1.3e-0050       0       0       
GRID    1026    0       13.0243 0.      1.1e-0050       0       0       
GRID    1027    0       13.5252 0.      9.0e-0060       0       0       
GRID    1028    0       14.0261 0.      7.1e-0060       0       0       
GRID    1029    0       14.5271 0.      5.1e-0060       0       0       
GRID    1030    0       15.028  0.      3.1e-0060       0       0       
GRID    1031    0       15.5187 0.      1.2e-0060       0       0       
GRID    1032    0       15.8447 0.      0.      0       0       0       
GRID    1033    0       16.5308 0.      0.      0       0       0       
GRID    1034    0       17.0317 0.      0.      0       0       0       
GRID    1035    0       17.5327 0.      0.      0       0       0       
GRID    1036    0       18.0336 0.      0.      0       0       0       
GRID    1037    0       18.5345 0.      0.      0       0       0       
GRID    1038    0       19.0355 0.      0.      0       0       0       
GRID    1039    0       19.5364 0.      0.      0       0       0       
GRID    1040    0       20.0373 0.      0.      0       0       0       
GRID    1041    0       20.5383 0.      0.      0       0       0       
GRID    1042    0       21.0392 0.      0.      0       0       0       
GRID    1043    0       21.5401 0.      0.      0       0       0       
GRID    1044    0       22.0411 0.      0.      0       0       0       
GRID    1045    0       22.542  0.      0.      0       0       0       
GRID    1046    0       23.0429 0.      0.      0       0       0       
GRID    1047    0       23.5439 0.      0.      0       0       0       
GRID    1048    0       24.0448 0.      0.      0       0       0       
GRID    1049    0       24.5445 0.      0.      0       0       0       
GRID    1050    0       25.0467 0.      0.0431300       0       0       
GRID    1051    0       25.5476 0.      0.0861550       0       0       
GRID    1052    0       26.0485 0.      0.12918 0       0       0       
GRID    1053    0       26.5495 0.      0.1722050       0       0       
GRID    1054    0       27.0504 0.      0.21523 0       0       0       
GRID    1055    0       27.5513 0.      0.2582540       0       0       
GRID    1056    0       28.0523 0.      0.3012790       0       0       
GRID    1057    0       28.5532 0.      0.3443040       0       0       
GRID    1058    0       29.0541 0.      0.3873290       0       0       
GRID    1059    0       29.5551 0.      0.4303530       0       0       
GRID    1060    0       30.056  0.      0.4733780       0       0       
GRID    1061    0       30.5569 0.      0.5164030       0       0       
GRID    1062    0       31.0579 0.      0.5594280       0       0       
GRID    1063    0       31.5588 0.      0.6024520       0       0       
GRID    1064    0       32.1162 0.      0.6503240       0       0       
GRID    1065    0       32.5607 0.      0.6885020       0       0       
GRID    1066    0       33.0616 0.      0.7315270       0       0       
GRID    1067    0       33.4777 0.      0.7672670       0       0       
GRID    1068    0       34.0635 0.      0.8175760       0       0       
GRID    1069    0       34.5644 0.      0.8606010       0       0       
GRID    1070    0       35.0653 0.      0.9036260       0       0       
GRID    1071    0       35.5663 0.      0.94665 0       0       0       
GRID    1072    0       36.0672 0.      0.9896750       0       0       
GRID    1073    0       36.5681 0.      1.0327  0       0       0       
GRID    1074    0       37.0691 0.      1.07572 0       0       0       
GRID    1075    0       37.57   0.      1.11875 0       0       0       
GRID    2001    0       15.5187 1.03395 -1.3722 0       0       0       
GRID    2002    0       15.5187 2.0679  -1.3722 0       0       0       
GRID    2003    0       15.6135 2.42298 -1.346020       0       0       
GRID    2004    0       15.7082 2.77806 -1.319830       0       0       
GRID    2005    0       15.803  3.13314 -1.293650       0       0       
GRID    2006    0       15.8977 3.48821 -1.267460       0       0       
GRID    2007    0       15.9925 3.84329 -1.241280       0       0       
GRID    2008    0       16.0872 4.19837 -1.215090       0       0       
GRID    2009    0       16.182  4.55345 -1.188910       0       0       
GRID    2010    0       16.2767 4.90853 -1.162730       0       0       
GRID    2011    0       16.3715 5.26361 -1.136540       0       0       
GRID    2012    0       16.4662 5.61868 -1.110360       0       0       
GRID    2013    0       16.561  5.97376 -1.084170       0       0       
GRID    2014    0       16.6557 6.32884 -1.057990       0       0       
GRID    2015    0       16.8069 6.68974 -1.032330       0       0       
GRID    2016    0       16.9581 7.05064 -1.006670       0       0       
GRID    2017    0       17.1092 7.41154 -0.981000       0       0       
GRID    2018    0       17.2604 7.77244 -0.955350       0       0       
GRID    2019    0       17.4116 8.13333 -0.929690       0       0       
GRID    2020    0       17.5628 8.49423 -0.904030       0       0       
GRID    2021    0       17.714  8.85513 -0.878370       0       0       
GRID    2022    0       17.8651 9.21603 -0.852710       0       0       
GRID    2023    0       18.0163 9.57693 -0.827050       0       0       
GRID    2024    0       18.1675 9.93783 -0.801390       0       0       
GRID    2025    0       18.3187 10.2987 -0.775730       0       0       
GRID    2026    0       18.4699 10.6596 -0.750070       0       0       
GRID    2027    0       18.621  11.0205 -0.724410       0       0       
GRID    2028    0       18.7722 11.3814 -0.698750       0       0       
GRID    2029    0       18.9234 11.7423 -0.673090       0       0       
GRID    2030    0       19.0746 12.1032 -0.647430       0       0       
GRID    2031    0       19.2258 12.4641 -0.621770       0       0       
GRID    2032    0       19.3769 12.825  -0.596110       0       0       
GRID    2033    0       19.5281 13.1859 -0.570450       0       0       
GRID    2034    0       19.6705 13.5259 -0.546270       0       0       
GRID    2035    0       19.8129 13.8658 -0.522100       0       0       
GRID    2036    0       19.9553 14.2058 -0.497930       0       0       
GRID    2037    0       20.0978 14.5457 -0.473760       0       0       
GRID    2038    0       20.2402 14.8857 -0.449590       0       0       
GRID    2039    0       20.3826 15.2257 -0.425420       0       0       
GRID    2040    0       20.525  15.5656 -0.401250       0       0       
GRID    2041    0       20.6674 15.9056 -0.377080       0       0       
GRID    2042    0       20.8098 16.2455 -0.352910       0       0       
GRID    2043    0       20.9522 16.5855 -0.328730       0       0       
GRID    2044    0       21.0946 16.9255 -0.304560       0       0       
GRID    2000    0       15.5187 -0.     -1.3722 0       0       0       
GRID    2045    0       15.5187 -1.03395-1.3722 0       0       0       
GRID    2046    0       15.5187 -2.0679 -1.3722 0       0       0       
GRID    2047    0       15.6135 -2.42298-1.346020       0       0       
GRID    2048    0       15.7082 -2.77806-1.319830       0       0       
GRID    2049    0       15.803  -3.13314-1.293650       0       0       
GRID    2050    0       15.8977 -3.48821-1.267460       0       0       
GRID    2051    0       15.9925 -3.84329-1.241280       0       0       
GRID    2052    0       16.0872 -4.19837-1.215090       0       0       
GRID    2053    0       16.182  -4.55345-1.188910       0       0       
GRID    2054    0       16.2767 -4.90853-1.162730       0       0       
GRID    2055    0       16.3715 -5.26361-1.136540       0       0       
GRID    2056    0       16.4662 -5.61868-1.110360       0       0       
GRID    2057    0       16.561  -5.97376-1.084170       0       0       
GRID    2058    0       16.6557 -6.32884-1.057990       0       0       
GRID    2059    0       16.8069 -6.68974-1.032330       0       0       
GRID    2060    0       16.9581 -7.05064-1.006670       0       0       
GRID    2061    0       17.1092 -7.41154-0.981000       0       0       
GRID    2062    0       17.2604 -7.77244-0.955350       0       0       
GRID    2063    0       17.4116 -8.13333-0.929690       0       0       
GRID    2064    0       17.5628 -8.49423-0.904030       0       0       
GRID    2065    0       17.714  -8.85513-0.878370       0       0       
GRID    2066    0       17.8651 -9.21603-0.852710       0       0       
GRID    2067    0       18.0163 -9.57693-0.827050       0       0       
GRID    2068    0       18.1675 -9.93783-0.801390       0       0       
GRID    2069    0       18.3187 -10.2987-0.775730       0       0       
GRID    2070    0       18.4699 -10.6596-0.750070       0       0       
GRID    2071    0       18.621  -11.0205-0.724410       0       0       
GRID    2072    0       18.7722 -11.3814-0.698750       0       0       
GRID    2073    0       18.9234 -11.7423-0.673090       0       0       
GRID    2074    0       19.0746 -12.1032-0.647430       0       0       
GRID    2075    0       19.2258 -12.4641-0.621770       0       0       
GRID    2076    0       19.3769 -12.825 -0.596110       0       0       
GRID    2077    0       19.5281 -13.1859-0.570450       0       0       
GRID    2078    0       19.6705 -13.5259-0.546270       0       0       
GRID    2079    0       19.8129 -13.8658-0.522100       0       0       
GRID    2080    0       19.9553 -14.2058-0.497930       0       0       
GRID    2081    0       20.0978 -14.5457-0.473760       0       0       
GRID    2082    0       20.2402 -14.8857-0.449590       0       0       
GRID    2083    0       20.3826 -15.2257-0.425420       0       0       
GRID    2084    0       20.525  -15.5656-0.401250       0       0       
GRID    2085    0       20.6674 -15.9056-0.377080       0       0       
GRID    2086    0       20.8098 -16.2455-0.352910       0       0       
GRID    2087    0       20.9522 -16.5855-0.328730       0       0       
GRID    2088    0       21.0946 -16.9255-0.304560       0       0       
GRID    3000    0       32.1162 0.      1.9576  0       0       0       
GRID    3001    0       32.3397 0.      2.32417 0       0       0       
GRID    3002    0       32.5632 0.      2.69075 0       0       0       
GRID    3003    0       32.7867 0.      3.05732 0       0       0       
GRID    3004    0       33.0102 0.      3.4239  0       0       0       
GRID    3005    0       33.2337 0.      3.79047 0       0       0       
GRID    3006    0       33.4572 0.      4.15705 0       0       0       
GRID    3007    0       33.6807 0.      4.52363 0       0       0       
GRID    3008    0       33.9043 0.      4.8902  0       0       0       
GRID    3009    0       34.1278 0.      5.25678 0       0       0       
GRID    3010    0       34.3513 0.      5.62335 0       0       0       
GRID    3011    0       34.5748 0.      5.98992 0       0       0       
GRID    3012    0       34.7983 0.      6.3565  0       0       0       
GRID    3013    0       35.0218 0.      6.72307 0       0       0       
GRID    3014    0       35.2453 0.      7.08965 0       0       0       
GRID    3015    0       35.4688 0.      7.45622 0       0       0       
GRID    3016    0       35.6923 0.      7.8228  0       0       0       
GRID    4001    0       33.4777 0.5428790.69714 0       0       0       
GRID    4002    0       33.4777 1.08576 0.69714 0       0       0       
GRID    4003    0       33.6149 1.37419 0.7223740       0       0       
GRID    4004    0       33.752  1.66262 0.7476090       0       0       
GRID    4005    0       33.8892 1.95105 0.7728430       0       0       
GRID    4006    0       34.0263 2.23947 0.7980770       0       0       
GRID    4007    0       34.1634 2.5279  0.8233110       0       0       
GRID    4008    0       34.3006 2.81633 0.8485460       0       0       
GRID    4009    0       34.4377 3.10476 0.87378 0       0       0       
GRID    4010    0       34.5852 3.41483 0.9009070       0       0       
GRID    4011    0       34.7326 3.72489 0.9280340       0       0       
GRID    4012    0       34.88   4.03495 0.9551610       0       0       
GRID    4013    0       35.0274 4.34502 0.9822880       0       0       
GRID    4014    0       35.1749 4.65508 1.00942 0       0       0       
GRID    4015    0       35.3223 4.96514 1.03654 0       0       0       
GRID    4016    0       35.4697 5.2752  1.06367 0       0       0       
GRID    4017    0       35.6172 5.58527 1.0908  0       0       0       
GRID    4018    0       35.7646 5.89533 1.11792 0       0       0       
GRID    4019    0       35.912  6.20539 1.14505 0       0       0       
GRID    4000    0       33.4777 -0.     0.69714 0       0       0       
GRID    4020    0       33.4777 -0.542870.69714 0       0       0       
GRID    4021    0       33.4777 -1.085760.69714 0       0       0       
GRID    4022    0       33.6149 -1.374190.7223740       0       0       
GRID    4023    0       33.752  -1.662620.7476090       0       0       
GRID    4024    0       33.8892 -1.951050.7728430       0       0       
GRID    4025    0       34.0263 -2.239470.7980770       0       0       
GRID    4026    0       34.1634 -2.5279 0.8233110       0       0       
GRID    4027    0       34.3006 -2.816330.8485460       0       0       
GRID    4028    0       34.4377 -3.104760.87378 0       0       0       
GRID    4029    0       34.5852 -3.414830.9009070       0       0       
GRID    4030    0       34.7326 -3.724890.9280340       0       0       
GRID    4031    0       34.88   -4.034950.9551610       0       0       
GRID    4032    0       35.0274 -4.345020.9822880       0       0       
GRID    4033    0       35.1749 -4.655081.00942 0       0       0       
GRID    4034    0       35.3223 -4.965141.03654 0       0       0       
GRID    4035    0       35.4697 -5.2752 1.06367 0       0       0       
GRID    4036    0       35.6172 -5.585271.0908  0       0       0       
GRID    4037    0       35.7646 -5.895331.11792 0       0       0       
GRID    4038    0       35.912  -6.205391.14505 0       0       0       

$-------2-------3-------4-------5-------6-------7-------8-------9-------10
$ Bodies and lifting surfaces definition
$-------2-------3-------4-------5-------6-------7-------8-------9-------10
CORD2R  1       0       0       0       0       0       0       8.6998  
        8.6998  0       0       
CAEROB  1       0       0       0       1       37.57   41      1       
        0       0       0.0100090.3643010.0200180.54836 0.0300270.696561
        0.0400370.8254150.0500460.9415610.0600551.04849 0.0700641.14832 
        0.0800741.24245 0.0900831.33186 0.1000921.41728 0.1101021.49926 
        0.1201111.57823 0.13012 1.65455 0.1401291.7285  0.1501391.80031 
        0.1601481.87018 0.1701571.93829 0.1801662.00477 0.1901762.06975 
        0.4217382.0679  0.6533012.0679  0.6715482.00491 0.6897951.94042 
        0.7080431.87428 0.72629 1.80634 0.7445371.73644 0.7627851.66437 
        0.7810321.58988 0.7992791.51268 0.8175271.43242 0.8357741.34863 
        0.8540211.26076 0.8722691.16804 0.8905161.06945 0.9087630.963535
        0.9270110.8480690.9452580.7193840.9635050.5704660.9817530.383732
        1       0       ENDT
CAERO1  200     0       0       7       21      0012    0012    1       
        12.5774 0       -1.320985.88438 2.0679  1       0       2       2       
CAERO1  250     -0      0       7       21      0012    0012    1       
        12.5774 -0      -1.320985.88438 -2.0679 1       -0      2       2       
CAERO1  201     3.9621  0       13      14      0012    0012    1       
        12.5774 2.0646  -1.320985.88438 4.27238 0.62895821.4949 2       2       
        1       0.172   0.27    7         flap1r
CAERO1  251     -3.9621 0       13      14      0012    0012    1       
        12.5774 -2.0646 -1.320985.88438 -4.272380.628958-21.49492       2       
        1       0.172   0.27    7         flap1l
CAERO1  202     3.9621  0       20      14      0012    0012    1       
        14.8057 6.32682 -1.025783.70102 6.87429 0.61044625.1854 2       2       
        1       0.27    0.221   7         flap2r
CAERO1  252     -3.9621 0       20      14      0012    0012    1       
        14.8057 -6.32682-1.025783.70102 -6.874290.610446-25.18542       2       
        1       0.27    0.221   7         flap2l
CAERO1  205     3.9621  0       3       21      0012    0012    1       
        18.3988 13.1847 -0.550782.25928 0.7497870.93039425.1854 2       2       
CAERO1  204     3.9621  0       11      14      0012    0012    1       
        18.7907 13.9345 -0.498852.10202 2.99915 0.70074725.1854 2       2       
        1       0.1595  0.1595  7       aileronr
CAERO1  255     -3.9621 0       3       21      0012    0012    1       
        18.3988 -13.1847-0.550782.25928 -0.749780.930394-25.18542       2       
CAERO1  254     -3.9621 0       11      14      0012    0012    1       
        18.7907 -13.9345-0.498852.10202 -2.999150.700747-25.18542       2       
        1       0.1595  0.1595  7       aileronl
CAERO1  400     0       0       4       7       0012    0012    1       
        32.155  0       0.69714 3.30676 1.08576 1       0       0       0       
CAERO1  450     -0      0       4       7       0012    0012    1       
        32.155  -0      0.69714 3.30676 -1.085761       -0      0       0       
CAERO1  401     5       0       4       4       0012    0012    1       
        32.155  1.08576 0.69714 3.30676 2.02672 0.75299628.1077 0       0       
        1       0.17    0.17    3         elev1r
CAERO1  451     -5      0       4       4       0012    0012    1       
        32.155  -1.085760.69714 3.30676 -2.026720.752996-28.10770       0       
        1       0.17    0.17    3         elev1l
CAERO1  402     5       0       5       4       0012    0012    1       
        33.4417 3.10476 0.87378 2.48998 3.11247 0.49624128.1077 0       0       
        1       0.17    0.17    3         elev2r
CAERO1  452     -5      0       5       4       0012    0012    1       
        33.4417 -3.104760.87378 2.48998 -3.112470.496241-28.10770       0       
        1       0.17    0.17    3         elev2l
CAERO1  301     90      0       8       14      0012    0012    1       
        29.9423 0       1.9576  5.43468 2.9326  0.6745  35.0001 0       0       
        1       0.17    0.17    7        rudder1
CAERO1  302     90      0       8       14      0012    0012    1       
        32.438  1.7e-0164.8902  3.66569 2.9326  0.51742 35.0001 0       0       
        1       0.17    0.17    7        rudder2

$-------2-------3-------4-------5-------6-------7-------8-------9-------10
$ Links aeroelastic variables
$-------2-------3-------4-------5-------6-------7-------8-------9-------10
AELINK  1         flap1l  flap1r-1.0    
AELINK  2         flap2l  flap2r-1.0    
AELINK  3       aileronlaileronr1.0     
AELINK  4        rudder2 rudder11.0     
AELINK  5         elev2r  elev1r1.0     
AELINK  6         elev1l  elev1r-1.0    
AELINK  7         elev2l  elev1r-1.0    
PARAM   DIVERG  1       
AEROS           0       4.09318 33.927  122.439 0       0       
PARAM   GRDPNT  3016    
CONM2   1       3016    0       45914.1 6.79762 0       22.8534 
        1.3e+0060.      1.8e+0060.      0.      3.0e+006
SOL 144
$
$-------2-------3-------4-------5-------6-------7-------8-------9-------10
$ GUESS/SMARTCAD trim interface automatically included by GUESS
$-------2-------3-------4-------5-------6-------7-------8-------9-------10
$
INCLUDE C:\Users\Nitro\Desktop\Nitro_on_PC\UNI\TESI_LM\NeoCASS_Latest_Version_Patched\Examples\prova\proza_sizing.inc
$

$ Uncomment the following lines to run solve_vlm_rigid and get aero data
$TRIM    1       1       0.3     0.0     SIDES   0.0     ROLL    0.0     
$        PITCH   0.0     YAW     0.0     URDD2   0.0     URDD3   9.81    
$        URDD4   0.0     URDD5   0.0     URDD6   0.0     ANGLEA  0.0     
$          elev1r0.0       flap1r0.0       flap2r0.0      rudder10.0     
$        aileronr0.0     
GRID    9000    0       19.502  0.      -0.919570       0       0       
PARAM   LANDG   9000
