%Copied Airfoil from CPACS for Tornado
81   80
%UPPER SURFACE
0.000000   0.000000
0.012500   0.018939
0.025000   0.026147
0.037500   0.031374
0.050000   0.035547
0.062500   0.039027
0.075000   0.041999
0.087500   0.044575
0.100000   0.046828
0.112500   0.048808
0.125000   0.050554
0.137500   0.052094
0.150000   0.053452
0.162500   0.054644
0.175000   0.055688
0.187500   0.056594
0.200000   0.057375
0.212500   0.058040
0.225000   0.058596
0.237500   0.059052
0.250000   0.059412
0.262500   0.059684
0.275000   0.059873
0.287500   0.059982
0.300000   0.060017
0.312500   0.059982
0.325000   0.059879
0.337500   0.059713
0.350000   0.059486
0.362500   0.059202
0.375000   0.058863
0.387500   0.058471
0.400000   0.058030
0.412500   0.057541
0.425000   0.057006
0.437500   0.056428
0.450000   0.055807
0.462500   0.055147
0.475000   0.054448
0.487500   0.053712
0.500000   0.052940
0.512500   0.052134
0.525000   0.051296
0.537500   0.050425
0.550000   0.049524
0.562500   0.048594
0.575000   0.047634
0.587500   0.046647
0.600000   0.045634
0.612500   0.044594
0.625000   0.043529
0.637500   0.042439
0.650000   0.041325
0.662500   0.040188
0.675000   0.039027
0.687500   0.037844
0.700000   0.036639
0.712500   0.035412
0.725000   0.034164
0.737500   0.032894
0.750000   0.031603
0.762500   0.030291
0.775000   0.028959
0.787500   0.027605
0.800000   0.026231
0.812500   0.024836
0.825000   0.023420
0.837500   0.021984
0.850000   0.020526
0.862500   0.019046
0.875000   0.017545
0.887500   0.016022
0.900000   0.014477
0.912500   0.012909
0.925000   0.011318
0.937500   0.009704
0.950000   0.008066
0.962500   0.006403
0.975000   0.004714
0.987500   0.003000
1.000000   0.001260
%LOWER SURFACE
0.000000   0.000000
0.012500   -0.018939
0.025000   -0.026147
0.037500   -0.031374
0.050000   -0.035547
0.062500   -0.039027
0.075000   -0.041999
0.087500   -0.044575
0.100000   -0.046828
0.112500   -0.048808
0.125000   -0.050554
0.137500   -0.052094
0.150000   -0.053452
0.162500   -0.054644
0.175000   -0.055688
0.187500   -0.056594
0.200000   -0.057375
0.212500   -0.058040
0.225000   -0.058596
0.237500   -0.059052
0.250000   -0.059412
0.262500   -0.059684
0.275000   -0.059873
0.287500   -0.059982
0.300000   -0.060017
0.312500   -0.059982
0.325000   -0.059879
0.337500   -0.059713
0.350000   -0.059486
0.362500   -0.059202
0.375000   -0.058863
0.387500   -0.058471
0.400000   -0.058030
0.412500   -0.057541
0.425000   -0.057006
0.437500   -0.056428
0.450000   -0.055807
0.462500   -0.055147
0.475000   -0.054448
0.487500   -0.053712
0.500000   -0.052940
0.512500   -0.052134
0.525000   -0.051296
0.537500   -0.050425
0.550000   -0.049524
0.562500   -0.048594
0.575000   -0.047634
0.587500   -0.046647
0.600000   -0.045634
0.612500   -0.044594
0.625000   -0.043529
0.637500   -0.042439
0.650000   -0.041325
0.662500   -0.040188
0.675000   -0.039027
0.687500   -0.037844
0.700000   -0.036639
0.712500   -0.035412
0.725000   -0.034164
0.737500   -0.032894
0.750000   -0.031603
0.762500   -0.030291
0.775000   -0.028959
0.787500   -0.027605
0.800000   -0.026231
0.812500   -0.024836
0.825000   -0.023420
0.837500   -0.021984
0.850000   -0.020526
0.862500   -0.019046
0.875000   -0.017545
0.887500   -0.016022
0.900000   -0.014477
0.912500   -0.012909
0.925000   -0.011318
0.937500   -0.009704
0.950000   -0.008066
0.962500   -0.006403
0.975000   -0.004714
0.987500   -0.003000
