%Copied Airfoil from CPACS for Tornado
20   20
%UPPER SURFACE
0.000000   0.000000
0.006819   0.023447
0.027091   0.041447
0.060263   0.054272
0.105430   0.062002
0.161359   0.066010
0.226526   0.066976
0.299152   0.065278
0.377257   0.061871
0.458710   0.057329
0.541290   0.052015
0.622743   0.046107
0.700848   0.039606
0.773474   0.032408
0.838641   0.024713
0.894570   0.017045
0.939737   0.010100
0.972909   0.004787
0.993181   0.001568
1.000000   0.000000
%LOWER SURFACE
0.000000   0.000000
0.006819   -0.020332
0.027091   -0.037744
0.060263   -0.054675
0.105430   -0.067531
0.161359   -0.077016
0.226526   -0.083455
0.299152   -0.086592
0.377257   -0.086188
0.458710   -0.082027
0.541290   -0.073869
0.622743   -0.061986
0.700848   -0.047797
0.773474   -0.033480
0.838641   -0.020951
0.894570   -0.011771
0.939737   -0.005829
0.972909   -0.002383
0.993181   -0.000579
1.000000   0.000000
