	1.000000	 0.001594
	0.990000	 0.003186
	0.980000	 0.004779
	0.970000	 0.006372
	0.960000	 0.007964
	0.950000	 0.009529
	0.940000	 0.011093
	0.930000	 0.012655
	0.920000	 0.014219
	0.910000	 0.015771
	0.900000	 0.017313
	0.890000	 0.018854
	0.880000	 0.020396
	0.870000	 0.021937
	0.860000	 0.023422
	0.850000	 0.024650
	0.840000	 0.025878
	0.830000	 0.027107
	0.820000	 0.028335
	0.810000	 0.029533
	0.800000	 0.030517
	0.790000	 0.031502
	0.780000	 0.032486
	0.770000	 0.033471
	0.760000	 0.034455
	0.750000	 0.035439
	0.740000	 0.036320
	0.730000	 0.037054
	0.720000	 0.037788
	0.710000	 0.038521
	0.700000	 0.039255
	0.690000	 0.039989
	0.680000	 0.040723
	0.670000	 0.041457
	0.660000	 0.042050
	0.650000	 0.042642
	0.640000	 0.043234
	0.630000	 0.043827
	0.620000	 0.044419
	0.610000	 0.045011
	0.600000	 0.045603
	0.590000	 0.046191
	0.580000	 0.046733
	0.570000	 0.047275
	0.560000	 0.047817
	0.550000	 0.048359
	0.540000	 0.048901
	0.530000	 0.049443
	0.520000	 0.049745
	0.510000	 0.049886
	0.500000	 0.050027
	0.490000	 0.050167
	0.480000	 0.050308
	0.470000	 0.050458
	0.460000	 0.050790
	0.450000	 0.051122
	0.440000	 0.051454
	0.430000	 0.051786
	0.420000	 0.052117
	0.410000	 0.052402
	0.400000	 0.052402
	0.390000	 0.052402
	0.380000	 0.052402
	0.370000	 0.052402
	0.360000	 0.052402
	0.350000	 0.052287
	0.340000	 0.052124
	0.330000	 0.051962
	0.320000	 0.051799
	0.310000	 0.051637
	0.300000	 0.051359
	0.290000	 0.051062
	0.280000	 0.050766
	0.270000	 0.050470
	0.260000	 0.050174
	0.250000	 0.049802
	0.240000	 0.049367
	0.230000	 0.048931
	0.220000	 0.048496
	0.210000	 0.048060
	0.200000	 0.047571
	0.190000	 0.046629
	0.180000	 0.045687
	0.170000	 0.044746
	0.160000	 0.043804
	0.150000	 0.042876
	0.140000	 0.041964
	0.130000	 0.041052
	0.120000	 0.040139
	0.110000	 0.038984
	0.100000	 0.037665
	0.090000	 0.036345
	0.080000	 0.035027
	0.070000	 0.033352
	0.060000	 0.031525
	0.050000	 0.029569
	0.040000	 0.026477
	0.030000	 0.022605
	0.020000	 0.018168
	0.010000	 0.013899
	0.005000	 0.009024
	0.002000	 0.004702
	0.000000	 0.000000
	0.002000	-0.004474
	0.005000	-0.009494
	0.010000	-0.013682
	0.020000	-0.018163
	0.030000	-0.020799
	0.040000	-0.023141
	0.050000	-0.025110
	0.060000	-0.027078
	0.070000	-0.028494
	0.080000	-0.029813
	0.090000	-0.031131
	0.100000	-0.032528
	0.110000	-0.034027
	0.120000	-0.035526
	0.130000	-0.036978
	0.140000	-0.038135
	0.150000	-0.039293
	0.160000	-0.040451
	0.170000	-0.041609
	0.180000	-0.042789
	0.190000	-0.043988
	0.200000	-0.045187
	0.210000	-0.046386
	0.220000	-0.047585
	0.230000	-0.048634
	0.240000	-0.049678
	0.250000	-0.050721
	0.260000	-0.051765
	0.270000	-0.052733
	0.280000	-0.053246
	0.290000	-0.053759
	0.300000	-0.054273
	0.310000	-0.054787
	0.320000	-0.055299
	0.330000	-0.055483
	0.340000	-0.055655
	0.350000	-0.055826
	0.360000	-0.055998
	0.370000	-0.055936
	0.380000	-0.055831
	0.390000	-0.055727
	0.400000	-0.055622
	0.410000	-0.055494
	0.420000	-0.055300
	0.430000	-0.055106
	0.440000	-0.054912
	0.450000	-0.054717
	0.460000	-0.054080
	0.470000	-0.053322
	0.480000	-0.052564
	0.490000	-0.051559
	0.500000	-0.050390
	0.510000	-0.049222
	0.520000	-0.047982
	0.530000	-0.046680
	0.540000	-0.045378
	0.550000	-0.044076
	0.560000	-0.042902
	0.570000	-0.041745
	0.580000	-0.040590
	0.590000	-0.039401
	0.600000	-0.037938
	0.610000	-0.036473
	0.620000	-0.035009
	0.630000	-0.033465
	0.640000	-0.031750
	0.650000	-0.030037
	0.660000	-0.028322
	0.670000	-0.026608
	0.680000	-0.024895
	0.690000	-0.023180
	0.700000	-0.021466
	0.710000	-0.019872
	0.720000	-0.018591
	0.730000	-0.017309
	0.740000	-0.016027
	0.750000	-0.014746
	0.760000	-0.013342
	0.770000	-0.011877
	0.780000	-0.010413
	0.790000	-0.008947
	0.800000	-0.007810
	0.810000	-0.006858
	0.820000	-0.005906
	0.830000	-0.004954
	0.840000	-0.004024
	0.850000	-0.003116
	0.860000	-0.002208
	0.870000	-0.001300
	0.880000	-0.000711
	0.890000	-0.000336
	0.900000	 0.000040
	0.910000	 0.000219
	0.920000	 0.000114
	0.930000	 0.000009
	0.940000	-0.000095
	0.950000	-0.000087
	0.960000	-0.000078
	0.970000	-0.000224
	0.980000	-0.000372
	0.990000	-0.000834
	1.000000	-0.001594
