% 26         25 
1.00000    0.00000
0.95023    0.00604
0.90046    0.01376
0.85063    0.02225
0.80074    0.03100
0.75077    0.03967
0.70073    0.04799
0.65065    0.05568
0.60047    0.06253
0.55026    0.06827
0.50000    0.07253
0.44972    0.07497
0.39942    0.07553
0.34912    0.07437
0.29884    0.07175
0.24858    0.06767
0.19835    0.06203
0.14818    0.05457
0.09809    0.04478
0.07311    0.03865
0.04819    0.03134
0.02340    0.02199
0.01110    0.01587
0.00625    0.01255
0.00388    0.01037
0.00000    0.00000
0.00612    -0.00961
0.00875    -0.01149
0.01390    -0.01427
0.02660    -0.01920
0.05181    -0.02660
0.07689    -0.03228
0.10191    -0.03703
0.15182    -0.04448
0.20165    -0.05007
0.25142    -0.05424
0.30116    -0.05717
0.35088    -0.05892
0.40058    -0.05946
0.45028    -0.05855
0.50000    -0.05599
0.54974    -0.05185
0.59953    -0.04647
0.64937    -0.04024
0.69927    -0.03341
0.74923    -0.02625
0.79926    -0.01905
0.84937    -0.01216
0.89954    -0.00600
0.94977    -0.00130
1.00000    0.00000