% 26         25 
1.00000    0.00000
0.95023    0.00671
0.90046    0.01529
0.85063    0.02472
0.80074    0.03444
0.75077    0.04408
0.70073    0.05332
0.65065    0.06187
0.60047    0.06948
0.55026    0.07586
0.50000    0.08059
0.44972    0.08330
0.39942    0.08392
0.34912    0.08263
0.29884    0.07972
0.24858    0.07519
0.19835    0.06892
0.14818    0.06063
0.09809    0.04976
0.07311    0.04294
0.04819    0.03482
0.02340    0.02443
0.01110    0.01763
0.00625    0.01394
0.00388    0.01152
0.00000    0.00000
0.00612    -0.01068
0.00875    -0.01277
0.01390    -0.01585
0.02660    -0.02133
0.05181    -0.02955
0.07689    -0.03587
0.10191    -0.04114
0.15182    -0.04942
0.20165    -0.05563
0.25142    -0.06027
0.30116    -0.06352
0.35088    -0.06547
0.40058    -0.06607
0.45028    -0.06505
0.50000    -0.06221
0.54974    -0.05761
0.59953    -0.05163
0.64937    -0.04471
0.69927    -0.03712
0.74923    -0.02917
0.79926    -0.02117
0.84937    -0.01351
0.89954    -0.00667
0.94977    -0.00144
1.00000    0.00000