$Material for wing
MAT1           17.1e+010          0.3300       0
$Grid for wing
GRID           1       0 14.7536  0.0000 -1.3125       0
GRID           2       0 14.7536  0.4688 -1.3125       0
GRID           3       0 14.7536  0.9375 -1.3125       0
GRID           4       0 14.7536  1.4063 -1.3125       0
GRID           5       0 14.7536  1.8750 -1.3125       0
GRID           6       0 14.9298  2.3216 -1.2795       0
GRID           7       0 15.1060  2.7681 -1.2466       0
GRID           8       0 15.2822  3.2146 -1.2137       0
GRID           9       0 15.4583  3.6612 -1.1807       0
GRID          10       0 15.6345  4.1077 -1.1478       0
GRID          11       0 15.8107  4.5542 -1.1149       0
GRID          12       0 15.9869  5.0007 -1.0819       0
GRID          13       0 16.1630  5.4473 -1.0490       0
GRID          14       0 16.3392  5.8938 -1.0160       0
GRID          15       0 16.5154  6.3403 -0.9831       0
GRID          16       0 16.7250  6.8022 -0.9500       0
GRID          17       0 16.9346  7.2641 -0.9169       0
GRID          18       0 17.1442  7.7260 -0.8838       0
GRID          19       0 17.3538  8.1878 -0.8507       0
GRID          20       0 17.5634  8.6497 -0.8175       0
GRID          21       0 17.7730  9.1116 -0.7844       0
GRID          22       0 17.9827  9.5735 -0.7513       0
GRID          23       0 18.1923 10.0353 -0.7182       0
GRID          24       0 18.4019 10.4972 -0.6851       0
GRID          25       0 18.6115 10.9591 -0.6520       0
GRID          26       0 18.8211 11.4210 -0.6189       0
GRID          27       0 19.0307 11.8828 -0.5857       0
GRID          28       0 19.2403 12.3447 -0.5526       0
GRID          29       0 19.4499 12.8066 -0.5195       0
GRID          30       0 19.6595 13.2685 -0.4864       0
GRID          31       0 19.8691 13.7303 -0.4533       0
GRID          32       0 20.0787 14.1922 -0.4202       0
GRID          33       0 20.2883 14.6541 -0.3871       0
GRID          34       0 20.4979 15.1160 -0.3539       0
GRID          35       0 20.7076 15.5779 -0.3208       0
GRID          36       0 20.9172 16.0397 -0.2877       0
GRID          37       0 21.1268 16.5016 -0.2546       0
GRID          38       0 21.3364 16.9635 -0.2215       0
$Set Grid Wing
SET1          21  1.0000  2.0000  3.0000  4.0000  5.0000  6.0000  7.0000
          8.0000  9.0000 10.0000 11.0000 12.0000 13.0000 14.0000 15.0000
         16.0000 17.0000 18.0000 19.0000 20.0000 21.0000 22.0000 23.0000
         24.0000 25.0000 26.0000 27.0000 28.0000 29.0000 30.0000 31.0000
         32.0000 33.0000 34.0000 35.0000 36.0000 37.0000 38.0000
PBEAM*                 1               1         0.01393       0.0014604
*               0.012627          0.0000        0.007044          0.0000
*                 0.3487           1.395         -0.3487           1.395
*                -0.3487          -1.395          0.3487          -1.395
*                    YES           1.000         0.01393       0.0014604
*               0.012627          0.0000        0.007044          0.0000
*                 0.3487           1.395         -0.3487           1.395
*                -0.3487          -1.395          0.3487          -1.395
CBEAM         11       1       1       2 -0.0349 -0.0000 -0.9994
PBEAM*                 2               1         0.01393       0.0014604
*               0.012627          0.0000        0.007044          0.0000
*                 0.3487           1.395         -0.3487           1.395
*                -0.3487          -1.395          0.3487          -1.395
*                    YES           1.000         0.01393       0.0014604
*               0.012627          0.0000        0.007044          0.0000
*                 0.3487           1.395         -0.3487           1.395
*                -0.3487          -1.395          0.3487          -1.395
CBEAM         12       2       2       3 -0.0349 -0.0000 -0.9994
PBEAM*                 3               1         0.01393       0.0014604
*               0.012627          0.0000        0.007044          0.0000
*                 0.3487           1.395         -0.3487           1.395
*                -0.3487          -1.395          0.3487          -1.395
*                    YES           1.000         0.01393       0.0014604
*               0.012627          0.0000        0.007044          0.0000
*                 0.3487           1.395         -0.3487           1.395
*                -0.3487          -1.395          0.3487          -1.395
CBEAM         13       3       3       4 -0.0349 -0.0000 -0.9994
PBEAM*                 4               1         0.01393       0.0014604
*               0.012627          0.0000        0.007044          0.0000
*                 0.3487           1.395         -0.3487           1.395
*                -0.3487          -1.395          0.3487          -1.395
*                    YES           1.000         0.01371       0.0013925
*               0.012040          0.0000        0.006716          0.0000
*                 0.3432           1.373         -0.3432           1.373
*                -0.3432          -1.373          0.3432          -1.373
CBEAM         14       4       4       5 -0.0349 -0.0000 -0.9994
PBEAM*                 5               1         0.01371       0.0013925
*               0.012040          0.0000        0.006716          0.0000
*                 0.3432           1.373         -0.3432           1.373
*                -0.3432          -1.373          0.3432          -1.373
*                    YES           1.000         0.01253       0.0010618
*              0.0091840          0.0000        0.005123          0.0000
*                 0.3136           1.255         -0.3136           1.255
*                -0.3136          -1.255          0.3136          -1.255
CBEAM         15       5       5       6 -0.0186  0.0809 -0.9966
PBEAM*                 6               1         0.01253       0.0010618
*              0.0091840          0.0000        0.005123          0.0000
*                 0.3136           1.255         -0.3136           1.255
*                -0.3136          -1.255          0.3136          -1.255
*                    YES           1.000         0.01200      0.00093364
*              0.0080769          0.0000        0.004505          0.0000
*                 0.3005           1.202         -0.3005           1.202
*                -0.3005          -1.202          0.3005          -1.202
CBEAM         16       6       6       7 -0.0339  0.0868 -0.9956
PBEAM*                 7               1         0.01200      0.00093364
*              0.0080769          0.0000        0.004505          0.0000
*                 0.3005           1.202         -0.3005           1.202
*                -0.3005          -1.202          0.3005          -1.202
*                    YES           1.000         0.01152      0.00082420
*              0.0071313          0.0000        0.003978          0.0000
*                 0.2883           1.153         -0.2883           1.153
*                -0.2883          -1.153          0.2883          -1.153
CBEAM         17       7       7       8 -0.0348  0.0872 -0.9956
PBEAM*                 8               1         0.01152      0.00082420
*              0.0071313          0.0000        0.003978          0.0000
*                 0.2883           1.153         -0.2883           1.153
*                -0.2883          -1.153          0.2883          -1.153
*                    YES           1.000         0.01103      0.00072365
*              0.0062626          0.0000        0.003493          0.0000
*                 0.2761           1.104         -0.2761           1.104
*                -0.2761          -1.104          0.2761          -1.104
CBEAM         18       8       8       9 -0.0348  0.0872 -0.9956
PBEAM*                 9               1         0.01103      0.00072365
*              0.0062626          0.0000        0.003493          0.0000
*                 0.2761           1.104         -0.2761           1.104
*                -0.2761          -1.104          0.2761          -1.104
*                    YES           1.000         0.01054      0.00063164
*              0.0054674          0.0000        0.003050          0.0000
*                 0.2639           1.056         -0.2639           1.056
*                -0.2639          -1.056          0.2639          -1.056
CBEAM         19       9       9      10 -0.0348  0.0872 -0.9956
PBEAM*                10               1         0.01054      0.00063164
*              0.0054674          0.0000        0.003050          0.0000
*                 0.2639           1.056         -0.2639           1.056
*                -0.2639          -1.056          0.2639          -1.056
*                    YES           1.000         0.01005      0.00054778
*              0.0047426          0.0000        0.002645          0.0000
*                 0.2517           1.007         -0.2517           1.007
*                -0.2517          -1.007          0.2517          -1.007
CBEAM         20      10      10      11 -0.0348  0.0872 -0.9956
PBEAM*                11               1         0.01005      0.00054778
*              0.0047426          0.0000        0.002645          0.0000
*                 0.2517           1.007         -0.2517           1.007
*                -0.2517          -1.007          0.2517          -1.007
*                    YES           1.000        0.009564      0.00047169
*              0.0040849          0.0000        0.002278          0.0000
*                 0.2395          0.9580         -0.2395          0.9580
*                -0.2395         -0.9580          0.2395         -0.9580
CBEAM         21      11      11      12 -0.0348  0.0872 -0.9956
PBEAM*                12               1        0.009564      0.00047169
*              0.0040849          0.0000        0.002278          0.0000
*                 0.2395          0.9580         -0.2395          0.9580
*                -0.2395         -0.9580          0.2395         -0.9580
*                    YES           1.000        0.009147      0.00041249
*              0.0035730          0.0000        0.001993          0.0000
*                 0.2291          0.9163         -0.2291          0.9163
*                -0.2291         -0.9163          0.2291         -0.9163
CBEAM         22      12      12      13 -0.0348  0.0872 -0.9956
PBEAM*                13               1        0.009147      0.00041249
*              0.0035730          0.0000        0.001993          0.0000
*                 0.2291          0.9163         -0.2291          0.9163
*                -0.2291         -0.9163          0.2291         -0.9163
*                    YES           1.000        0.008841      0.00037245
*              0.0032268          0.0000        0.001800          0.0000
*                 0.2214          0.8857         -0.2214          0.8857
*                -0.2214         -0.8857          0.2214         -0.8857
CBEAM         23      13      13      14 -0.0348  0.0872 -0.9956
PBEAM*                14               1        0.008841      0.00037245
*              0.0032268          0.0000        0.001800          0.0000
*                 0.2214          0.8857         -0.2214          0.8857
*                -0.2214         -0.8857          0.2214         -0.8857
*                    YES           1.000        0.008533      0.00033482
*              0.0029013          0.0000        0.001618          0.0000
*                 0.2137          0.8549         -0.2137          0.8549
*                -0.2137         -0.8549          0.2137         -0.8549
CBEAM         24      14      14      15 -0.0348  0.0872 -0.9956
PBEAM*                15               1        0.008533      0.00033482
*              0.0029013          0.0000        0.001618          0.0000
*                 0.2137          0.8549         -0.2137          0.8549
*                -0.2137         -0.8549          0.2137         -0.8549
*                    YES           1.000        0.008211      0.00029822
*              0.0025848          0.0000        0.001441          0.0000
*                 0.2057          0.8227         -0.2057          0.8227
*                -0.2057         -0.8227          0.2057         -0.8227
CBEAM         25      15      15      16 -0.0348  0.0872 -0.9956
PBEAM*                16               1        0.008211      0.00029822
*              0.0025848          0.0000        0.001441          0.0000
*                 0.2057          0.8227         -0.2057          0.8227
*                -0.2057         -0.8227          0.2057         -0.8227
*                    YES           1.000        0.007888      0.00026439
*              0.0022921          0.0000        0.001278          0.0000
*                 0.1976          0.7904         -0.1976          0.7904
*                -0.1976         -0.7904          0.1976         -0.7904
CBEAM         26      16      16      17 -0.0348  0.0872 -0.9956
PBEAM*                17               1        0.007888      0.00026439
*              0.0022921          0.0000        0.001278          0.0000
*                 0.1976          0.7904         -0.1976          0.7904
*                -0.1976         -0.7904          0.1976         -0.7904
*                    YES           1.000        0.007566      0.00023322
*              0.0020224          0.0000        0.001128          0.0000
*                 0.1895          0.7582         -0.1895          0.7582
*                -0.1895         -0.7582          0.1895         -0.7582
CBEAM         27      17      17      18 -0.0348  0.0872 -0.9956
PBEAM*                18               1        0.007566      0.00023322
*              0.0020224          0.0000        0.001128          0.0000
*                 0.1895          0.7582         -0.1895          0.7582
*                -0.1895         -0.7582          0.1895         -0.7582
*                    YES           1.000        0.007243      0.00020460
*              0.0017748          0.0000       0.0009897          0.0000
*                 0.1815          0.7259         -0.1815          0.7259
*                -0.1815         -0.7259          0.1815         -0.7259
CBEAM         28      18      18      19 -0.0348  0.0872 -0.9956
PBEAM*                19               1        0.007243      0.00020460
*              0.0017748          0.0000       0.0009897          0.0000
*                 0.1815          0.7259         -0.1815          0.7259
*                -0.1815         -0.7259          0.1815         -0.7259
*                    YES           1.000        0.006921      0.00017842
*              0.0015482          0.0000       0.0008633          0.0000
*                 0.1734          0.6937         -0.1734          0.6937
*                -0.1734         -0.6937          0.1734         -0.6937
CBEAM         29      19      19      20 -0.0348  0.0872 -0.9956
PBEAM*                20               1        0.006921      0.00017842
*              0.0015482          0.0000       0.0008633          0.0000
*                 0.1734          0.6937         -0.1734          0.6937
*                -0.1734         -0.6937          0.1734         -0.6937
*                    YES           1.000        0.006598      0.00015458
*              0.0013418          0.0000       0.0007482          0.0000
*                 0.1654          0.6614         -0.1654          0.6614
*                -0.1654         -0.6614          0.1654         -0.6614
CBEAM         30      20      20      21 -0.0348  0.0872 -0.9956
PBEAM*                21               1        0.006598      0.00015458
*              0.0013418          0.0000       0.0007482          0.0000
*                 0.1654          0.6614         -0.1654          0.6614
*                -0.1654         -0.6614          0.1654         -0.6614
*                    YES           1.000        0.006276      0.00013296
*              0.0011546          0.0000       0.0006438          0.0000
*                 0.1573          0.6292         -0.1573          0.6292
*                -0.1573         -0.6292          0.1573         -0.6292
CBEAM         31      21      21      22 -0.0348  0.0872 -0.9956
PBEAM*                22               1        0.006276      0.00013296
*              0.0011546          0.0000       0.0006438          0.0000
*                 0.1573          0.6292         -0.1573          0.6292
*                -0.1573         -0.6292          0.1573         -0.6292
*                    YES           1.000        0.005954      0.00011346
*             0.00098564          0.0000       0.0005495          0.0000
*                 0.1492          0.5970         -0.1492          0.5970
*                -0.1492         -0.5970          0.1492         -0.5970
CBEAM         32      22      22      23 -0.0348  0.0872 -0.9956
PBEAM*                23               1        0.005954      0.00011346
*             0.00098564          0.0000       0.0005495          0.0000
*                 0.1492          0.5970         -0.1492          0.5970
*                -0.1492         -0.5970          0.1492         -0.5970
*                    YES           1.000        0.005631     9.5963E-005
*             0.00083405          0.0000       0.0004650          0.0000
*                 0.1412          0.5647         -0.1412          0.5647
*                -0.1412         -0.5647          0.1412         -0.5647
CBEAM         33      23      23      24 -0.0348  0.0872 -0.9956
PBEAM*                24               1        0.005631     9.5963E-005
*             0.00083405          0.0000       0.0004650          0.0000
*                 0.1412          0.5647         -0.1412          0.5647
*                -0.1412         -0.5647          0.1412         -0.5647
*                    YES           1.000        0.005309     8.0366E-005
*             0.00069886          0.0000       0.0003896          0.0000
*                 0.1331          0.5325         -0.1331          0.5325
*                -0.1331         -0.5325          0.1331         -0.5325
CBEAM         34      24      24      25 -0.0348  0.0872 -0.9956
PBEAM*                25               1        0.005309     8.0366E-005
*             0.00069886          0.0000       0.0003896          0.0000
*                 0.1331          0.5325         -0.1331          0.5325
*                -0.1331         -0.5325          0.1331         -0.5325
*                    YES           1.000        0.004986     6.6557E-005
*             0.00057913          0.0000       0.0003228          0.0000
*                 0.1251          0.5002         -0.1251          0.5002
*                -0.1251         -0.5002          0.1251         -0.5002
CBEAM         35      25      25      26 -0.0348  0.0872 -0.9956
PBEAM*                26               1        0.004986     6.6557E-005
*             0.00057913          0.0000       0.0003228          0.0000
*                 0.1251          0.5002         -0.1251          0.5002
*                -0.1251         -0.5002          0.1251         -0.5002
*                    YES           1.000        0.004664     5.4428E-005
*             0.00047392          0.0000       0.0002642          0.0000
*                 0.1170          0.4680         -0.1170          0.4680
*                -0.1170         -0.4680          0.1170         -0.4680
CBEAM         36      26      26      27 -0.0348  0.0872 -0.9956
PBEAM*                27               1        0.004664     5.4428E-005
*             0.00047392          0.0000       0.0002642          0.0000
*                 0.1170          0.4680         -0.1170          0.4680
*                -0.1170         -0.4680          0.1170         -0.4680
*                    YES           1.000        0.004341     4.3871E-005
*             0.00038229          0.0000       0.0002131          0.0000
*                 0.1089          0.4357         -0.1089          0.4357
*                -0.1089         -0.4357          0.1089         -0.4357
CBEAM         37      27      27      28 -0.0348  0.0872 -0.9956
PBEAM*                28               1        0.004341     4.3871E-005
*             0.00038229          0.0000       0.0002131          0.0000
*                 0.1089          0.4357         -0.1089          0.4357
*                -0.1089         -0.4357          0.1089         -0.4357
*                    YES           1.000        0.004019     3.4775E-005
*             0.00030331          0.0000       0.0001690          0.0000
*                 0.1009          0.4035         -0.1009          0.4035
*                -0.1009         -0.4035          0.1009         -0.4035
CBEAM         38      28      28      29 -0.0348  0.0872 -0.9956
PBEAM*                29               1        0.004019     3.4775E-005
*             0.00030331          0.0000       0.0001690          0.0000
*                 0.1009          0.4035         -0.1009          0.4035
*                -0.1009         -0.4035          0.1009         -0.4035
*                    YES           1.000        0.003696     2.7032E-005
*             0.00023603          0.0000       0.0001315          0.0000
*                0.09281          0.3712        -0.09281          0.3712
*               -0.09281         -0.3712         0.09281         -0.3712
CBEAM         39      29      29      30 -0.0348  0.0872 -0.9956
PBEAM*                30               1        0.003696     2.7032E-005
*             0.00023603          0.0000       0.0001315          0.0000
*                0.09281          0.3712        -0.09281          0.3712
*               -0.09281         -0.3712         0.09281         -0.3712
*                    YES           1.000        0.003374     2.0534E-005
*             0.00017952          0.0000       0.0001000          0.0000
*                0.08475          0.3390        -0.08475          0.3390
*               -0.08475         -0.3390         0.08475         -0.3390
CBEAM         40      30      30      31 -0.0348  0.0872 -0.9956
PBEAM*                31               1        0.003374     2.0534E-005
*             0.00017952          0.0000       0.0001000          0.0000
*                0.08475          0.3390        -0.08475          0.3390
*               -0.08475         -0.3390         0.08475         -0.3390
*                    YES           1.000        0.003052     1.5170E-005
*             0.00013283          0.0000      7.400E-005          0.0000
*                0.07669          0.3068        -0.07669          0.3068
*               -0.07669         -0.3068         0.07669         -0.3068
CBEAM         41      31      31      32 -0.0348  0.0872 -0.9956
PBEAM*                32               1        0.003052     1.5170E-005
*             0.00013283          0.0000      7.400E-005          0.0000
*                0.07669          0.3068        -0.07669          0.3068
*               -0.07669         -0.3068         0.07669         -0.3068
*                    YES           1.000        0.002729     1.0833E-005
*            9.5035E-005          0.0000      5.293E-005          0.0000
*                0.06863          0.2745        -0.06863          0.2745
*               -0.06863         -0.2745         0.06863         -0.2745
CBEAM         42      32      32      33 -0.0348  0.0872 -0.9956
PBEAM*                33               1        0.002729     1.0833E-005
*            9.5035E-005          0.0000      5.293E-005          0.0000
*                0.06863          0.2745        -0.06863          0.2745
*               -0.06863         -0.2745         0.06863         -0.2745
*                    YES           1.000        0.002407     7.4130E-006
*            6.5189E-005          0.0000      3.630E-005          0.0000
*                0.06057          0.2423        -0.06057          0.2423
*               -0.06057         -0.2423         0.06057         -0.2423
CBEAM         43      33      33      34 -0.0348  0.0872 -0.9956
PBEAM*                34               1        0.002407     7.4130E-006
*            6.5189E-005          0.0000      3.630E-005          0.0000
*                0.06057          0.2423        -0.06057          0.2423
*               -0.06057         -0.2423         0.06057         -0.2423
*                    YES           1.000        0.002084     4.8011E-006
*            4.2355E-005          0.0000      2.358E-005          0.0000
*                0.05250          0.2100        -0.05250          0.2100
*               -0.05250         -0.2100         0.05250         -0.2100
CBEAM         44      34      34      35 -0.0348  0.0872 -0.9956
PBEAM*                35               1        0.002084     4.8011E-006
*            4.2355E-005          0.0000      2.358E-005          0.0000
*                0.05250          0.2100        -0.05250          0.2100
*               -0.05250         -0.2100         0.05250         -0.2100
*                    YES           1.000        0.001762     2.8885E-006
*            2.5593E-005          0.0000      1.424E-005          0.0000
*                0.04444          0.1778        -0.04444          0.1778
*               -0.04444         -0.1778         0.04444         -0.1778
CBEAM         45      35      35      36 -0.0348  0.0872 -0.9956
PBEAM*                36               1        0.001762     2.8885E-006
*            2.5593E-005          0.0000      1.424E-005          0.0000
*                0.04444          0.1778        -0.04444          0.1778
*               -0.04444         -0.1778         0.04444         -0.1778
*                    YES           1.000        0.001439     1.5663E-006
*            1.3965E-005          0.0000      7.766E-006          0.0000
*                0.03638          0.1455        -0.03638          0.1455
*               -0.03638         -0.1455         0.03638         -0.1455
CBEAM         46      36      36      37 -0.0348  0.0872 -0.9956
PBEAM*                37               1        0.001439     1.5663E-006
*            1.3965E-005          0.0000      7.766E-006          0.0000
*                0.03638          0.1455        -0.03638          0.1455
*               -0.03638         -0.1455         0.03638         -0.1455
*                    YES           1.000        0.001237     9.9007E-007
*            8.8766E-006          0.0000      4.933E-006          0.0000
*                0.03133          0.1253        -0.03133          0.1253
*               -0.03133         -0.1253         0.03133         -0.1253
CBEAM         47      37      37      38 -0.0348  0.0872 -0.9956
GRID          39       0 12.7437  0.0000 -1.2423       0
GRID          40       0 17.7714 -0.0000 -1.4179       0
RBE2          48       1  123456      39      40
GRID          41       0 12.7437  0.4688 -1.2423       0
GRID          42       0 17.7714  0.4687 -1.4179       0
RBE2          49       2  123456      41      42
GRID          43       0 12.7437  0.9375 -1.2423       0
GRID          44       0 17.7714  0.9375 -1.4179       0
RBE2          50       3  123456      43      44
GRID          45       0 12.7437  1.4063 -1.2423       0
GRID          46       0 17.7714  1.4063 -1.4179       0
RBE2          51       4  123456      45      46
GRID          47       0 13.0841  2.5253 -1.1973       0
GRID          48       0 17.7714  0.6922 -1.4179       0
RBE2          52       5  123456      47      48
GRID          49       0 13.3081  2.9532 -1.1676       0
GRID          50       0 17.7714  1.2106 -1.4179       0
RBE2          53       6  123456      49      50
GRID          51       0 13.5321  3.3811 -1.1380       0
GRID          52       0 17.7714  1.7291 -1.4179       0
RBE2          54       7  123456      51      52
GRID          53       0 13.7561  3.8090 -1.1084       0
GRID          54       0 17.7756  2.2435 -1.3858       0
RBE2          55       8  123456      53      54
GRID          55       0 13.9801  4.2369 -1.0787       0
GRID          56       0 17.7816  2.7564 -1.3411       0
RBE2          56       9  123456      55      56
GRID          57       0 14.2041  4.6648 -1.0491       0
GRID          58       0 17.7875  3.2692 -1.2964       0
RBE2          57      10  123456      57      58
GRID          59       0 14.4281  5.0927 -1.0194       0
GRID          60       0 17.7935  3.7820 -1.2517       0
RBE2          58      11  123456      59      60
GRID          61       0 14.6521  5.5206 -0.9898       0
GRID          62       0 17.7994  4.2948 -1.2070       0
RBE2          59      12  123456      61      62
GRID          63       0 14.8761  5.9485 -0.9602       0
GRID          64       0 17.8054  4.8077 -1.1623       0
RBE2          60      13  123456      63      64
GRID          65       0 15.1001  6.3764 -0.9305       0
GRID          66       0 17.8113  5.3205 -1.1176       0
RBE2          61      14  123456      65      66
GRID          67       0 15.3539  6.8613 -0.8969       0
GRID          68       0 17.8164  5.7568 -1.0796       0
RBE2          62      15  123456      67      68
GRID          69       0 15.5895  7.3115 -0.8658       0
GRID          70       0 17.8228  6.3098 -1.0314       0
RBE2          63      16  123456      69      70
GRID          71       0 15.8252  7.7617 -0.8346       0
GRID          72       0 17.9873  6.7920 -0.9950       0
RBE2          64      17  123456      71      72
GRID          73       0 16.0609  8.2118 -0.8034       0
GRID          74       0 18.1610  7.2699 -0.9592       0
RBE2          65      18  123456      73      74
GRID          75       0 16.2965  8.6620 -0.7722       0
GRID          76       0 18.3347  7.7479 -0.9234       0
RBE2          66      19  123456      75      76
GRID          77       0 16.5322  9.1122 -0.7410       0
GRID          78       0 18.5084  8.2259 -0.8876       0
RBE2          67      20  123456      77      78
GRID          79       0 16.7678  9.5624 -0.7099       0
GRID          80       0 18.6822  8.7038 -0.8519       0
RBE2          68      21  123456      79      80
GRID          81       0 17.0035 10.0126 -0.6787       0
GRID          82       0 18.8559  9.1818 -0.8161       0
RBE2          69      22  123456      81      82
GRID          83       0 17.2392 10.4628 -0.6475       0
GRID          84       0 19.0296  9.6598 -0.7803       0
RBE2          70      23  123456      83      84
GRID          85       0 17.4748 10.9130 -0.6163       0
GRID          86       0 19.2033 10.1378 -0.7445       0
RBE2          71      24  123456      85      86
GRID          87       0 17.7105 11.3632 -0.5851       0
GRID          88       0 19.3770 10.6157 -0.7088       0
RBE2          72      25  123456      87      88
GRID          89       0 17.9461 11.8134 -0.5539       0
GRID          90       0 19.5507 11.0937 -0.6730       0
RBE2          73      26  123456      89      90
GRID          91       0 18.1818 12.2636 -0.5228       0
GRID          92       0 19.7244 11.5717 -0.6372       0
RBE2          74      27  123456      91      92
GRID          93       0 18.4175 12.7138 -0.4916       0
GRID          94       0 19.8981 12.0497 -0.6014       0
RBE2          75      28  123456      93      94
GRID          95       0 18.6531 13.1640 -0.4604       0
GRID          96       0 20.0719 12.5276 -0.5657       0
RBE2          76      29  123456      95      96
GRID          97       0 18.8888 13.6141 -0.4292       0
GRID          98       0 20.2456 13.0056 -0.5299       0
RBE2          77      30  123456      97      98
GRID          99       0 19.1244 14.0643 -0.3980       0
GRID         100       0 20.4193 13.4836 -0.4941       0
RBE2          78      31  123456      99     100
GRID         101       0 19.3601 14.5145 -0.3669       0
GRID         102       0 20.5930 13.9616 -0.4583       0
RBE2          79      32  123456     101     102
GRID         103       0 19.5958 14.9647 -0.3357       0
GRID         104       0 20.7667 14.4395 -0.4225       0
RBE2          80      33  123456     103     104
GRID         105       0 19.8314 15.4149 -0.3045       0
GRID         106       0 20.9404 14.9175 -0.3868       0
RBE2          81      34  123456     105     106
GRID         107       0 20.0671 15.8651 -0.2733       0
GRID         108       0 21.1141 15.3955 -0.3510       0
RBE2          82      35  123456     107     108
GRID         109       0 20.3027 16.3153 -0.2421       0
GRID         110       0 21.2879 15.8735 -0.3152       0
RBE2          83      36  123456     109     110
GRID         111       0 20.5384 16.7655 -0.2110       0
GRID         112       0 21.4616 16.3514 -0.2794       0
RBE2          84      37  123456     111     112
GRID         113       0 20.6420 16.9635 -0.1972       0
GRID         114       0 21.6840 16.9635 -0.2336       0
RBE2          85      38  123456     113     114
