INCLUDE C:\Users\chang.xu\Projekte\DOXWING\NeoCASS\Output\doxwing\DOXWING_tube.dat
$-------2-------3-------4-------5-------6-------7-------8-------9-------10
$ Lumped masses: PASSENGERS 7200 Kg
$ Fuselage beams: from 10 to 50
$ Fraction of cabin length : from 0 to 100 %
$ Cabin length = 14.752 m.
$-------2-------3-------4-------5-------6-------7-------8-------9-------10
CONM2   3       1010    0       111.954 0       0       0       
        0.      0.      0.      0.      0.      0.      
CONM2   4       1011    0       115.22  0       0       0       
        0.      0.      0.      0.      0.      0.      
CONM2   5       1012    0       118.487 0       0       0       
        0.      0.      0.      0.      0.      0.      
CONM2   6       1013    0       121.753 0       0       0       
        0.      0.      0.      0.      0.      0.      
CONM2   7       1014    0       125.019 0       0       0       
        0.      0.      0.      0.      0.      0.      
CONM2   8       1015    0       128.286 0       0       0       
        0.      0.      0.      0.      0.      0.      
CONM2   9       1016    0       131.552 0       0       0       
        0.      0.      0.      0.      0.      0.      
CONM2   10      1017    0       134.818 0       0       0       
        0.      0.      0.      0.      0.      0.      
CONM2   11      1018    0       138.085 0       0       0       
        0.      0.      0.      0.      0.      0.      
CONM2   12      1019    0       117.648 0       0       0       
        0.      0.      0.      0.      0.      0.      
CONM2   13      1020    0       143.732 0       0       0       
        0.      0.      0.      0.      0.      0.      
CONM2   14      1021    0       202.975 0       0       0       
        0.      0.      0.      0.      0.      0.      
CONM2   15      1022    0       152.317 0       0       0       
        0.      0.      0.      0.      0.      0.      
CONM2   16      1023    0       160.966 0       0       0       
        0.      0.      0.      0.      0.      0.      
CONM2   17      1024    0       159.094 0       0       0       
        0.      0.      0.      0.      0.      0.      
CONM2   18      1025    0       123.002 0       0       0       
        0.      0.      0.      0.      0.      0.      
CONM2   19      1026    0       164.212 0       0       0       
        0.      0.      0.      0.      0.      0.      
CONM2   20      1027    0       167.479 0       0       0       
        0.      0.      0.      0.      0.      0.      
CONM2   21      1028    0       170.745 0       0       0       
        0.      0.      0.      0.      0.      0.      
CONM2   22      1029    0       174.011 0       0       0       
        0.      0.      0.      0.      0.      0.      
CONM2   23      1030    0       177.278 0       0       0       
        0.      0.      0.      0.      0.      0.      
CONM2   24      1031    0       180.544 0       0       0       
        0.      0.      0.      0.      0.      0.      
CONM2   25      1032    0       210.383 0       0       0       
        0.      0.      0.      0.      0.      0.      
CONM2   26      1033    0       188.382 0       0       0       
        0.      0.      0.      0.      0.      0.      
CONM2   27      1034    0       164.538 0       0       0       
        0.      0.      0.      0.      0.      0.      
CONM2   28      1035    0       194.514 0       0       0       
        0.      0.      0.      0.      0.      0.      
CONM2   29      1036    0       197.78  0       0       0       
        0.      0.      0.      0.      0.      0.      
CONM2   30      1037    0       201.047 0       0       0       
        0.      0.      0.      0.      0.      0.      
CONM2   31      1038    0       204.313 0       0       0       
        0.      0.      0.      0.      0.      0.      
CONM2   32      1039    0       207.579 0       0       0       
        0.      0.      0.      0.      0.      0.      
CONM2   33      1040    0       210.846 0       0       0       
        0.      0.      0.      0.      0.      0.      
CONM2   34      1041    0       252.098 0       0       0       
        0.      0.      0.      0.      0.      0.      
CONM2   35      1042    0       218.787 0       0       0       
        0.      0.      0.      0.      0.      0.      
CONM2   36      1043    0       182.659 0       0       0       
        0.      0.      0.      0.      0.      0.      
CONM2   37      1044    0       223.911 0       0       0       
        0.      0.      0.      0.      0.      0.      
CONM2   38      1045    0       227.177 0       0       0       
        0.      0.      0.      0.      0.      0.      
CONM2   39      1046    0       230.444 0       0       0       
        0.      0.      0.      0.      0.      0.      
CONM2   40      1047    0       233.71  0       0       0       
        0.      0.      0.      0.      0.      0.      
CONM2   41      1048    0       236.976 0       0       0       
        0.      0.      0.      0.      0.      0.      
CONM2   42      1049    0       240.243 0       0       0       
        0.      0.      0.      0.      0.      0.      
CONM2   43      1050    0       155.436 0       0       0       
        0.      0.      0.      0.      0.      0.      

$ Summary of payload (as CONM2): 
$ Wing tank: 0
$ Central tank: 0
$ Auxiliary tank: 0
$ Passengers: 7200
$ Baggage: 0
$-------2-------3-------4-------5-------6-------7-------8-------9-------10
$ SUPORT FOR CURRENT CONFIGURATION
SUPORT  1       1021    123456  
