
$-------2-------3-------4-------5-------6-------7-------8-------9-------10
$ Node definition
$-------2-------3-------4-------5-------6-------7-------8-------9-------10
GRID    1000    0       0.      0.      -0.574490       0       0       
GRID    1001    0       3.345   0.      0.0417800       0       0       
GRID    1002    0       5.434   0.      0.0299470       0       0       
GRID    1003    0       8.151   0.      0.0145570       0       0       
GRID    1004    0       10.721  0.      0.      0       0       0       
GRID    1005    0       12.1495 0.      0.      0       0       0       
GRID    1006    0       13.2769 0.      0.      0       0       0       
GRID    1007    0       16.302  0.      0.      0       0       0       
GRID    1008    0       18.097  0.      0.      0       0       0       
GRID    1009    0       23.0572 0.      0.5047310       0       0       
GRID    1010    0       27.17   0.      0.9232390       0       0       
GRID    2001    0       13.2769 1.01139 -1.375  0       0       0       
GRID    2002    0       13.2769 2.02278 -1.375  0       0       0       
GRID    2003    0       13.2456 2.51835 -1.331640       0       0       
GRID    2004    0       13.2143 3.01393 -1.288290       0       0       
GRID    2005    0       13.183  3.50951 -1.244930       0       0       
GRID    2006    0       13.1517 4.00508 -1.201570       0       0       
GRID    2007    0       13.1204 4.50066 -1.158210       0       0       
GRID    2008    0       13.0891 4.99623 -1.114860       0       0       
GRID    2009    0       13.0578 5.49181 -1.0715 0       0       0       
GRID    2010    0       13.0265 5.98739 -1.028140       0       0       
GRID    2011    0       12.9951 6.48296 -0.984780       0       0       
GRID    2012    0       12.9611 7.02257 -0.937570       0       0       
GRID    2013    0       12.927  7.56217 -0.890360       0       0       
GRID    2014    0       12.8929 8.10178 -0.843150       0       0       
GRID    2015    0       12.8588 8.64138 -0.795940       0       0       
GRID    2016    0       12.8247 9.18099 -0.748730       0       0       
GRID    2017    0       12.7906 9.7206  -0.701520       0       0       
GRID    2018    0       12.7565 10.2602 -0.654310       0       0       
GRID    2019    0       12.7224 10.7998 -0.607110       0       0       
GRID    2020    0       12.6883 11.3394 -0.5599 0       0       0       
GRID    2021    0       12.6542 11.879  -0.512690       0       0       
GRID    2022    0       12.6202 12.4186 -0.465480       0       0       
GRID    2023    0       12.5861 12.9582 -0.418270       0       0       
GRID    2000    0       13.2769 0.      -1.375  0       0       0       
GRID    2024    0       13.2769 -1.01139-1.375  0       0       0       
GRID    2025    0       13.2769 -2.02278-1.375  0       0       0       
GRID    2026    0       13.2456 -2.51835-1.331640       0       0       
GRID    2027    0       13.2143 -3.01393-1.288290       0       0       
GRID    2028    0       13.183  -3.50951-1.244930       0       0       
GRID    2029    0       13.1517 -4.00508-1.201570       0       0       
GRID    2030    0       13.1204 -4.50066-1.158210       0       0       
GRID    2031    0       13.0891 -4.99623-1.114860       0       0       
GRID    2032    0       13.0578 -5.49181-1.0715 0       0       0       
GRID    2033    0       13.0265 -5.98739-1.028140       0       0       
GRID    2034    0       12.9951 -6.48296-0.984780       0       0       
GRID    2035    0       12.9611 -7.02257-0.937570       0       0       
GRID    2036    0       12.927  -7.56217-0.890360       0       0       
GRID    2037    0       12.8929 -8.10178-0.843150       0       0       
GRID    2038    0       12.8588 -8.64138-0.795940       0       0       
GRID    2039    0       12.8247 -9.18099-0.748730       0       0       
GRID    2040    0       12.7906 -9.7206 -0.701520       0       0       
GRID    2041    0       12.7565 -10.2602-0.654310       0       0       
GRID    2042    0       12.7224 -10.7998-0.607110       0       0       
GRID    2043    0       12.6883 -11.3394-0.5599 0       0       0       
GRID    2044    0       12.6542 -11.879 -0.512690       0       0       
GRID    2045    0       12.6202 -12.4186-0.465480       0       0       
GRID    2046    0       12.5861 -12.9582-0.418270       0       0       
GRID    3000    0       23.0572 0.      1.2012  0       0       0       
GRID    3001    0       23.2793 0.      1.65215 0       0       0       
GRID    3002    0       23.5015 0.      2.1031  0       0       0       
GRID    3003    0       23.7236 0.      2.55405 0       0       0       
GRID    3004    0       23.9458 0.      3.005   0       0       0       
GRID    3005    0       24.168  0.      3.45595 0       0       0       
GRID    3006    0       24.3901 0.      3.9069  0       0       0       
GRID    3007    0       24.6123 0.      4.35785 0       0       0       
GRID    3008    0       24.8344 0.      4.8088  0       0       0       
GRID    3009    0       25.0566 0.      5.25975 0       0       0       
GRID    3010    0       25.2788 0.      5.7107  0       0       0       
GRID    5001    0       12.1495 0.8755731.375   0       0       0       
GRID    5002    0       12.1495 1.75115 1.375   0       0       0       
GRID    5003    0       12.1716 2.27847 1.35659 0       0       0       
GRID    5004    0       12.1937 2.8058  1.33817 0       0       0       
GRID    5005    0       12.2158 3.33313 1.31976 0       0       0       
GRID    5006    0       12.2379 3.86046 1.30134 0       0       0       
GRID    5007    0       12.26   4.38779 1.28293 0       0       0       
GRID    5008    0       12.2821 4.91512 1.26451 0       0       0       
GRID    5009    0       12.3042 5.44245 1.2461  0       0       0       
GRID    5010    0       12.3263 5.96978 1.22768 0       0       0       
GRID    5011    0       12.3484 6.49711 1.20927 0       0       0       
GRID    5012    0       12.371  7.03844 1.19036 0       0       0       
GRID    5013    0       12.3937 7.57978 1.17146 0       0       0       
GRID    5014    0       12.4164 8.12112 1.15256 0       0       0       
GRID    5015    0       12.4391 8.66245 1.13365 0       0       0       
GRID    5016    0       12.4618 9.20379 1.11475 0       0       0       
GRID    5017    0       12.4845 9.74513 1.09584 0       0       0       
GRID    5018    0       12.5072 10.2865 1.07694 0       0       0       
GRID    5019    0       12.5298 10.8278 1.05804 0       0       0       
GRID    5020    0       12.5525 11.3691 1.03913 0       0       0       
GRID    5021    0       12.5752 11.9105 1.02023 0       0       0       
GRID    5022    0       12.5979 12.4518 1.00132 0       0       0       
GRID    5023    0       12.6206 12.9931 0.9824210       0       0       
GRID    5000    0       12.1495 0.      1.375   0       0       0       
GRID    5024    0       12.1495 -0.875571.375   0       0       0       
GRID    5025    0       12.1495 -1.751151.375   0       0       0       
GRID    5026    0       12.1716 -2.278471.35659 0       0       0       
GRID    5027    0       12.1937 -2.8058 1.33817 0       0       0       
GRID    5028    0       12.2158 -3.333131.31976 0       0       0       
GRID    5029    0       12.2379 -3.860461.30134 0       0       0       
GRID    5030    0       12.26   -4.387791.28293 0       0       0       
GRID    5031    0       12.2821 -4.915121.26451 0       0       0       
GRID    5032    0       12.3042 -5.442451.2461  0       0       0       
GRID    5033    0       12.3263 -5.969781.22768 0       0       0       
GRID    5034    0       12.3484 -6.497111.20927 0       0       0       
GRID    5035    0       12.371  -7.038441.19036 0       0       0       
GRID    5036    0       12.3937 -7.579781.17146 0       0       0       
GRID    5037    0       12.4164 -8.121121.15256 0       0       0       
GRID    5038    0       12.4391 -8.662451.13365 0       0       0       
GRID    5039    0       12.4618 -9.203791.11475 0       0       0       
GRID    5040    0       12.4845 -9.745131.09584 0       0       0       
GRID    5041    0       12.5072 -10.28651.07694 0       0       0       
GRID    5042    0       12.5298 -10.82781.05804 0       0       0       
GRID    5043    0       12.5525 -11.36911.03913 0       0       0       
GRID    5044    0       12.5752 -11.91051.02023 0       0       0       
GRID    5045    0       12.5979 -12.45181.00132 0       0       0       
GRID    5046    0       12.6206 -12.99310.9824210       0       0       
GRID    4001    0       25.2254 0.0552755.7107  0       0       0       
GRID    4002    0       25.2254 0.1105515.7107  0       0       0       
GRID    4003    0       25.2512 0.4539395.71669 0       0       0       
GRID    4004    0       25.277  0.7973265.72269 0       0       0       
GRID    4005    0       25.3028 1.14071 5.72868 0       0       0       
GRID    4006    0       25.3286 1.4841  5.73468 0       0       0       
GRID    4007    0       25.3544 1.82749 5.74067 0       0       0       
GRID    4008    0       25.3772 2.13207 5.74599 0       0       0       
GRID    4009    0       25.4001 2.43665 5.7513  0       0       0       
GRID    4010    0       25.423  2.74122 5.75662 0       0       0       
GRID    4011    0       25.4459 3.0458  5.76194 0       0       0       
GRID    4012    0       25.4688 3.35038 5.76725 0       0       0       
GRID    4013    0       25.4916 3.65496 5.77257 0       0       0       
GRID    4000    0       25.2254 0.      5.7107  0       0       0       
GRID    4014    0       25.2254 -0.055275.7107  0       0       0       
GRID    4015    0       25.2254 -0.110555.7107  0       0       0       
GRID    4016    0       25.2512 -0.453935.71669 0       0       0       
GRID    4017    0       25.277  -0.797325.72269 0       0       0       
GRID    4018    0       25.3028 -1.140715.72868 0       0       0       
GRID    4019    0       25.3286 -1.4841 5.73468 0       0       0       
GRID    4020    0       25.3544 -1.827495.74067 0       0       0       
GRID    4021    0       25.3772 -2.132075.74599 0       0       0       
GRID    4022    0       25.4001 -2.436655.7513  0       0       0       
GRID    4023    0       25.423  -2.741225.75662 0       0       0       
GRID    4024    0       25.4459 -3.0458 5.76194 0       0       0       
GRID    4025    0       25.4688 -3.350385.76725 0       0       0       
GRID    4026    0       25.4916 -3.654965.77257 0       0       0       

$-------2-------3-------4-------5-------6-------7-------8-------9-------10
$ Bodies and lifting surfaces definition
$-------2-------3-------4-------5-------6-------7-------8-------9-------10
CAERO1  200     0       0       5       5       N64A410 N64A410 1       
        12.6639 0       -1.375  1.44242 2.02278 1       0       0       0       
CAERO1  250     0       0       5       5       N64A410 N64A410 1       
        12.6639 0       -1.375  1.44242 -2.022781       0       0       0       
CAERO1  201     5       0       9       5       N64A410 N64A410 1       
        12.6639 2.02278 -1.375  1.44242 4.47722 0.813272-3      0       0       
CAERO1  251     -5      0       9       5       N64A410 N64A410 1       
        12.6639 -2.02278-1.375  1.44242 -4.477220.8132723       0       0       
CAERO1  202     5       0       6       5       N64A410 N64A410 1       
        12.4966 6.48296 -0.984781.17308 3.25    0.833333-3      0       0       
CAERO1  252     -5      0       6       5       N64A410 N64A410 1       
        12.4966 -6.48296-0.984781.17308 -3.25   0.8333333       0       0       
CAERO1  204     5       0       6       5       N64A410 N64A410 1       
        12.3751 9.7206  -0.701520.9775642.1125  0.87    -3      0       0       
        1       0.202   0.202   3       aileronr
CAERO1  205     5       0       3       8       N64A410 N64A410 1       
        12.2962 11.8331 -0.516700.8504811.1375  0.91954 -3      0       0       
CAERO1  254     -5      0       6       5       N64A410 N64A410 1       
        12.3751 -9.7206 -0.701520.977564-2.1125 0.87    3       0       0       
        1       0.202   0.202   3       aileronl
CAERO1  255     -5      0       3       8       N64A410 N64A410 1       
        12.2962 -11.8331-0.516700.850481-1.1375 0.91954 3       0       0       
CAERO1  400     0       0       1       7       0012    0012    1       
        24.5031 0       5.7107  1.80562 0.1105511       0       0       0       
CAERO1  450     0       0       1       7       0012    0012    1       
        24.5031 0       5.7107  1.80562 -0.110551       0       0       0       
CAERO1  401     1       0       3       4       0012    0012    1       
        24.5031 0.1105515.7107  1.80562 1.7172  0.8097966       0       0       
        1       0.31    0.31    3         elev1r
CAERO1  451     -1      0       3       4       0012    0012    1       
        24.5031 -0.110555.7107  1.80562 -1.7172 0.809796-6      0       0       
        1       0.31    0.31    3         elev1l
CAERO1  402     1       0       4       4       0012    0012    1       
        24.7695 1.82749 5.74067 1.46218 1.82775 0.75    6       0       0       
        1       0.31    0.31    3         elev2r
CAERO1  452     -1      0       4       4       0012    0012    1       
        24.7695 -1.827495.74067 1.46218 -1.827750.75    -6      0       0       
        1       0.31    0.31    3         elev2l
CAERO1  301     90      0       4       4       0012    0012    1       
        21.736  0       1.2012  3.52312 2.25475 0.8     28      0       0       
        1       0.3     0.3     3        rudder1
CAERO1  302     90      0       4       4       0012    0012    1       
        23.111  1.38e-163.45595 2.81849 2.25475 0.75    28      0       0       
        1       0.3     0.3     3        rudder2
CAERO1  500     0       0       4       5       N64A410 N64A410 1       
        11.5295 0       1.375   1.45876 1.75115 1       0       0       0       
CAERO1  550     0       0       4       5       N64A410 N64A410 1       
        11.5295 0       1.375   1.45876 -1.751151       0       0       0       
CAERO1  501     -2      0       9       5       N64A410 N64A410 1       
        11.5295 1.75115 1.375   1.45876 4.74885 0.8041623       0       0       
CAERO1  551     2       0       9       5       N64A410 N64A410 1       
        11.5295 -1.751151.375   1.45876 -4.748850.804162-3      0       0       
CAERO1  502     -2      0       12      5       N64A410 N64A410 1       
        11.8498 6.49711 1.20927 1.17308 6.5     0.6666673       0       0       
CAERO1  552     2       0       12      5       N64A410 N64A410 1       
        11.8498 -6.497111.20927 1.17308 -6.5    0.666667-3      0       0       

$-------2-------3-------4-------5-------6-------7-------8-------9-------10
$ Links aeroelastic variables
$-------2-------3-------4-------5-------6-------7-------8-------9-------10
AELINK  1       aileronlaileronr1.0     
AELINK  2        rudder2 rudder11.0     
AELINK  3         elev2r  elev1r1.0     
AELINK  4         elev1l  elev1r-1.0    
AELINK  5         elev2l  elev1r-1.0    
PARAM   DIVERG  1       
AEROS           0       1.16864 26      30.5    0       0       

$-------2-------3-------4-------5-------6-------7-------8-------9-------10
$ Structural interpolation set
$-------2-------3-------4-------5-------6-------7-------8-------9-------10
SET1    200     2000    2001    2002    
CORD2R  200     0       13.276910.000000-1.3750013.276910.000000-0.37500
        12.276910.000000-1.37500
SET1    201     2002    2003    2004    2005    2006    2007    2008    
        2009    2010    2011    
CORD2R  201     0       13.276912.022779-1.3750013.276911.935623-0.37880
        12.278891.960207-1.38047
SET1    202     2011    2012    2013    2014    2015    2016    2017    
CORD2R  202     0       12.995146.482963-0.9847812.995146.3958070.011410
        11.997116.420391-0.99025
SET1    203     2017    2018    2019    2020    2021    2022    2023    
CORD2R  203     0       12.790609.720596-0.7015212.790609.6334400.294666
        11.792579.658023-0.70700
SET1    250     2000    2024    2025    
CORD2R  250     0       13.276910.000000-1.3750013.276910.000000-2.37500
        12.276910.000000-1.37500
SET1    251     2025    2026    2027    2028    2029    2030    2031    
        2032    2033    2034    
CORD2R  251     0       13.27691-2.02277-1.3750013.27691-2.10993-2.37119
        12.27889-1.96020-1.38047
SET1    252     2034    2035    2036    2037    2038    2039    2040    
CORD2R  252     0       12.99514-6.48296-0.9847812.99514-6.57011-1.98097
        11.99711-6.42039-0.99025
SET1    253     2040    2041    2042    2043    2044    2045    2046    
CORD2R  253     0       12.79060-9.72059-0.7015212.79060-9.80775-1.69772
        11.79257-9.65802-0.70700
SET1    301     3000    3001    3002    3003    3004    3005    
CORD2R  301     0       23.057160.0000001.20120023.05716-1.000001.201200
        22.160110.0000001.643128
SET1    302     3005    3006    3007    3008    3009    3010    
CORD2R  302     0       24.167960.0000003.45595024.16796-1.000003.455950
        23.270910.0000003.897878
SET1    400     4000    4001    
CORD2R  400     0       25.225390.0000005.71070025.225390.0000006.710700
        24.225390.0000005.710700
SET1    401     4001    4002    4003    4004    4005    4006    4007    
CORD2R  401     0       25.225390.0552765.71070025.225390.0383676.710557
        24.228030.1278365.711927
SET1    402     4007    4008    4009    4010    4011    4012    4013    
CORD2R  402     0       25.354361.8274885.74066925.354361.8100366.740517
        24.357171.9023715.741976
SET1    450     4000    4014    
CORD2R  450     0       25.225390.0000005.71070025.225390.0000004.710700
        24.225390.0000005.710700
SET1    451     4014    4015    4016    4017    4018    4019    4020    
CORD2R  451     0       25.22539-0.055275.71070025.22539-0.072184.710843
        24.22803-0.127835.711927
SET1    452     4020    4021    4022    4023    4024    4025    4026    
CORD2R  452     0       25.35436-1.827485.74066925.35436-1.844944.740822
        24.35717-1.902375.741976
SET1    500     5000    5001    5002    
CORD2R  500     0       12.149480.0000001.37500012.149480.0000002.375000
        11.149480.0000001.375000
SET1    501     5002    5003    5004    5005    5006    5007    5008    
        5009    5010    5011    
CORD2R  501     0       12.149481.7511461.37500012.149481.7860452.374391
        11.150351.7929641.373540
SET1    502     5011    5012    5013    5014    5015    5016    5017    
        5018    5019    5020    5021    5022    5023    
CORD2R  502     0       12.348366.4971071.20926712.348366.5320072.208658
        11.349246.5389251.207807
SET1    550     5000    5024    5025    
CORD2R  550     0       12.149480.0000001.37500012.149480.0000000.375000
        11.149480.0000001.375000
SET1    551     5025    5026    5027    5028    5029    5030    5031    
        5032    5033    5034    
CORD2R  551     0       12.14948-1.751141.37500012.14948-1.716240.375609
        11.15035-1.792961.373540
SET1    552     5034    5035    5036    5037    5038    5039    5040    
        5041    5042    5043    5044    5045    5046    
CORD2R  552     0       12.34836-6.497101.20926712.34836-6.462200.209877
        11.34924-6.538921.207807

$-------2-------3-------4-------5-------6-------7-------8-------9-------10
$ Interpolation definition
$-------2-------3-------4-------5-------6-------7-------8-------9-------10
SPLINE1 200     200     1       25      200                     0       
SPLINE1 201     201     1       45      201                     0       
SPLINE1 202     202     1       30      202                     0       
SPLINE1 203     204     1       48      203                     0       
SPLINE1 204     205     1       24      203                     0       
SPLINE1 250     250     1       25      250                     0       
SPLINE1 251     251     1       45      251                     0       
SPLINE1 252     252     1       30      252                     0       
SPLINE1 253     254     1       48      253                     0       
SPLINE1 254     255     1       24      253                     0       
SPLINE1 301     301     1       28      301                     0       
SPLINE1 302     302     1       28      302                     0       
SPLINE1 400     400     1       7       400                     0       
SPLINE1 401     401     1       21      401                     0       
SPLINE1 402     402     1       28      402                     0       
SPLINE1 450     450     1       7       450                     0       
SPLINE1 451     451     1       21      451                     0       
SPLINE1 452     452     1       28      452                     0       
SPLINE1 500     500     1       20      500                     0       
SPLINE1 501     501     1       45      501                     0       
SPLINE1 502     502     1       60      502                     0       
SPLINE1 550     550     1       20      550                     0       
SPLINE1 551     551     1       45      551                     0       
SPLINE1 552     552     1       60      552                     0       
PARAM   GRDPNT  1005    
CONM2   1       1005    0       20890.8 -0.244510       -0.25628
        1.71e+060.      6.93e+060.      0.      8.42e+06
SOL 144
$
$-------2-------3-------4-------5-------6-------7-------8-------9-------10
$ GUESS/SMARTCAD trim interface automatically included by GUESS
$-------2-------3-------4-------5-------6-------7-------8-------9-------10
$
INCLUDE D:\TUM\PHD\NeoCASS\Output\doxwing\trim_conditions_simple.inc
$

$ Uncomment the following lines to run solve_vlm_rigid and get aero data
$TRIM    1       1       0.3     0.0     SIDES   0.0     ROLL    0.0     
$        PITCH   0.0     YAW     0.0     URDD2   0.0     URDD3   9.81    
$        URDD4   0.0     URDD5   0.0     URDD6   0.0     ANGLEA  0.0     
$          elev1r0.0      rudder10.0     aileronr0.0     
GRID    9000    0       12.421  0.      -1.309820       0       0       
PARAM   LANDG   9000
