PARAM   DIVERG  1       
AEROS           0       2.57907 49.538  122.69  0       0       
TRIM=   4       
TRIM    4       1       0.3     0.0     SIDES   0.0     ROLL    0.0     
        PITCH   0.0     YAW     0.0     URDD2   0.0     URDD3   9.81    
        URDD4   0.0     URDD5   0.0     URDD6   0.0     ANGLEA  0.0     
          elev1r0.0     
$-------2-------3-------4-------5-------6-------7-------8-------9-------10
$ Bodies and lifting surfaces definition
$-------2-------3-------4-------5-------6-------7-------8-------9-------10
CAERO1  400     0       0       1       7       0012    0012    1       
        40.2065 0       5.925   3.02068 0.2187381       0       0       0       
CAERO1  450     0       0       1       7       0012    0012    1       
        40.2065 0       5.925   3.02068 -0.218731       0       0       0       
CAERO1  401     -1.5    0       3       4       0012    0012    1       
        40.2065 0.2187385.925   3.02068 2.79376 0.61794829.7366 0       0       
        1       0.31    0.31    3         elev1r
CAERO1  451     1.5     0       3       4       0012    0012    1       
        40.2065 -0.218735.925   3.02068 -2.793760.617948-29.73660       0       
        1       0.31    0.31    3         elev1l
CAERO1  402     -1.5    0       4       4       0012    0012    1       
        42.091  3.01154 5.85187 1.86662 3.0125  0.5     30.8395 0       0       
        1       0.31    0.31    3         elev2r
CAERO1  452     1.5     0       4       4       0012    0012    1       
        42.091  -3.011545.85187 1.86662 -3.0125 0.5     -30.83950       0       
        1       0.31    0.31    3         elev2l

$-------2-------3-------4-------5-------6-------7-------8-------9-------10
$ Links aeroelastic variables
$-------2-------3-------4-------5-------6-------7-------8-------9-------10
AELINK  1         elev2r  elev1r1.0     
AELINK  2         elev1l  elev1r-1.0    
AELINK  3         elev2l  elev1r-1.0    
