
$-------2-------3-------4-------5-------6-------7-------8-------9-------10
$ Node definition
$-------2-------3-------4-------5-------6-------7-------8-------9-------10
GRID    1000    0       0.      0.      -0.825180       0       0       
GRID    1001    0       4.4789  0.      -9.2e-070       0       0       
GRID    1002    0       8.902   0.      -6.3e-070       0       0       
GRID    1003    0       13.353  0.      -3.3e-070       0       0       
GRID    1004    0       17.4892 0.      -6.6e-080       0       0       
GRID    1005    0       18.4992 0.      0.      0       0       0       
GRID    1006    0       23.0121 0.      0.      0       0       0       
GRID    1007    0       26.706  0.      0.      0       0       0       
GRID    1008    0       32.5194 0.      0.      0       0       0       
GRID    1009    0       37.7315 0.      0.5764360       0       0       
GRID    1010    0       44.51   0.      1.32611 0       0       0       
GRID    2001    0       17.4892 1.01139 1.975   0       0       0       
GRID    2002    0       17.4892 2.02278 1.975   0       0       0       
GRID    2003    0       17.8117 2.85666 1.93166 0       0       0       
GRID    2004    0       18.1342 3.69055 1.88832 0       0       0       
GRID    2005    0       18.4567 4.52443 1.84499 0       0       0       
GRID    2006    0       18.7792 5.35832 1.80165 0       0       0       
GRID    2007    0       19.1017 6.1922  1.75831 0       0       0       
GRID    2008    0       19.4601 7.11909 1.71014 0       0       0       
GRID    2009    0       19.8186 8.04597 1.66197 0       0       0       
GRID    2010    0       20.177  8.97286 1.6138  0       0       0       
GRID    2011    0       20.5355 9.89975 1.56562 0       0       0       
GRID    2012    0       20.8939 10.8266 1.51745 0       0       0       
GRID    2013    0       21.2524 11.7535 1.46928 0       0       0       
GRID    2014    0       21.6109 12.6804 1.42111 0       0       0       
GRID    2015    0       21.9693 13.6073 1.37294 0       0       0       
GRID    2016    0       22.2896 14.462  1.33475 0       0       0       
GRID    2017    0       22.6099 15.3166 1.29656 0       0       0       
GRID    2018    0       22.9302 16.1713 1.25837 0       0       0       
GRID    2019    0       23.2505 17.026  1.22018 0       0       0       
GRID    2020    0       23.5708 17.8806 1.18199 0       0       0       
GRID    2021    0       23.892  18.738  1.13706 0       0       0       
GRID    2022    0       24.2131 19.5954 1.09212 0       0       0       
GRID    2023    0       24.5343 20.4528 1.04719 0       0       0       
GRID    2024    0       24.8554 21.3102 1.00226 0       0       0       
GRID    2025    0       25.1766 22.1675 0.9573220       0       0       
GRID    2026    0       25.4977 23.0249 0.9123890       0       0       
GRID    2027    0       25.8189 23.8823 0.8674560       0       0       
GRID    2028    0       26.14   24.7397 0.8225230       0       0       
GRID    2000    0       17.4892 0.      1.975   0       0       0       
GRID    2029    0       17.4892 -1.011391.975   0       0       0       
GRID    2030    0       17.4892 -2.022781.975   0       0       0       
GRID    2031    0       17.8117 -2.856661.93166 0       0       0       
GRID    2032    0       18.1342 -3.690551.88832 0       0       0       
GRID    2033    0       18.4567 -4.524431.84499 0       0       0       
GRID    2034    0       18.7792 -5.358321.80165 0       0       0       
GRID    2035    0       19.1017 -6.1922 1.75831 0       0       0       
GRID    2036    0       19.4601 -7.119091.71014 0       0       0       
GRID    2037    0       19.8186 -8.045971.66197 0       0       0       
GRID    2038    0       20.177  -8.972861.6138  0       0       0       
GRID    2039    0       20.5355 -9.899751.56562 0       0       0       
GRID    2040    0       20.8939 -10.82661.51745 0       0       0       
GRID    2041    0       21.2524 -11.75351.46928 0       0       0       
GRID    2042    0       21.6109 -12.68041.42111 0       0       0       
GRID    2043    0       21.9693 -13.60731.37294 0       0       0       
GRID    2044    0       22.2896 -14.462 1.33475 0       0       0       
GRID    2045    0       22.6099 -15.31661.29656 0       0       0       
GRID    2046    0       22.9302 -16.17131.25837 0       0       0       
GRID    2047    0       23.2505 -17.026 1.22018 0       0       0       
GRID    2048    0       23.5708 -17.88061.18199 0       0       0       
GRID    2049    0       23.892  -18.738 1.13706 0       0       0       
GRID    2050    0       24.2131 -19.59541.09212 0       0       0       
GRID    2051    0       24.5343 -20.45281.04719 0       0       0       
GRID    2052    0       24.8554 -21.31021.00226 0       0       0       
GRID    2053    0       25.1766 -22.16750.9573220       0       0       
GRID    2054    0       25.4977 -23.02490.9123890       0       0       
GRID    2055    0       25.8189 -23.88230.8674560       0       0       
GRID    2056    0       26.14   -24.73970.8225230       0       0       
GRID    3000    0       37.7315 0.      1.7254  0       0       0       
GRID    3001    0       38.1035 0.      2.2074  0       0       0       
GRID    3002    0       38.4754 0.      2.6894  0       0       0       
GRID    3003    0       38.8474 0.      3.1714  0       0       0       
GRID    3004    0       39.2194 0.      3.6534  0       0       0       
GRID    3005    0       39.5913 0.      4.1354  0       0       0       
GRID    3006    0       39.9366 0.      4.5828  0       0       0       
GRID    3007    0       40.2819 0.      5.0302  0       0       0       
GRID    3008    0       40.6271 0.      5.4776  0       0       0       
GRID    3009    0       40.9724 0.      5.925   0       0       0       
GRID    3010    0       41.4512 0.      6.5454  0       0       0       
GRID    5001    0       23.0121 0.218523-1.975  0       0       0       
GRID    5002    0       23.0121 0.437046-1.975  0       0       0       
GRID    5003    0       23.1209 1.27188 -1.797550       0       0       
GRID    5004    0       23.2297 2.10671 -1.6201 0       0       0       
GRID    5005    0       23.3386 2.94155 -1.442650       0       0       
GRID    5006    0       23.2094 3.88292 -1.225320       0       0       
GRID    5007    0       23.0803 4.8243  -1.007980       0       0       
GRID    5008    0       22.9512 5.76567 -0.790650       0       0       
GRID    5009    0       22.8221 6.70705 -0.573310       0       0       
GRID    5010    0       22.693  7.64842 -0.355980       0       0       
GRID    5011    0       22.5639 8.58979 -0.138650       0       0       
GRID    5012    0       22.4348 9.53117 0.0786820       0       0       
GRID    5013    0       22.3057 10.4725 0.2960160       0       0       
GRID    5014    0       22.1765 11.4139 0.5133490       0       0       
GRID    5015    0       22.0474 12.3553 0.7306820       0       0       
GRID    5016    0       21.9183 13.2967 0.9480160       0       0       
GRID    5000    0       23.0121 0.      -1.975  0       0       0       
GRID    5017    0       23.0121 -0.21852-1.975  0       0       0       
GRID    5018    0       23.0121 -0.43704-1.975  0       0       0       
GRID    5019    0       23.1209 -1.27188-1.797550       0       0       
GRID    5020    0       23.2297 -2.10671-1.6201 0       0       0       
GRID    5021    0       23.3386 -2.94155-1.442650       0       0       
GRID    5022    0       23.2094 -3.88292-1.225320       0       0       
GRID    5023    0       23.0803 -4.8243 -1.007980       0       0       
GRID    5024    0       22.9512 -5.76567-0.790650       0       0       
GRID    5025    0       22.8221 -6.70705-0.573310       0       0       
GRID    5026    0       22.693  -7.64842-0.355980       0       0       
GRID    5027    0       22.5639 -8.58979-0.138650       0       0       
GRID    5028    0       22.4348 -9.531170.0786820       0       0       
GRID    5029    0       22.3057 -10.47250.2960160       0       0       
GRID    5030    0       22.1765 -11.41390.5133490       0       0       
GRID    5031    0       22.0474 -12.35530.7306820       0       0       
GRID    5032    0       21.9183 -13.29670.9480160       0       0       
GRID    4001    0       41.4148 0.1093695.925   0       0       0       
GRID    4002    0       41.4148 0.2187385.925   0       0       0       
GRID    4003    0       41.6994 0.7772995.91037 0       0       0       
GRID    4004    0       41.9839 1.33586 5.89575 0       0       0       
GRID    4005    0       42.2685 1.89442 5.88112 0       0       0       
GRID    4006    0       42.553  2.45298 5.86649 0       0       0       
GRID    4007    0       42.8376 3.01154 5.85187 0       0       0       
GRID    4008    0       43.114  3.51345 5.83872 0       0       0       
GRID    4009    0       43.3905 4.01537 5.82558 0       0       0       
GRID    4010    0       43.6669 4.51728 5.81244 0       0       0       
GRID    4011    0       43.9434 5.01919 5.7993  0       0       0       
GRID    4012    0       44.2198 5.5211  5.78615 0       0       0       
GRID    4013    0       44.4962 6.02301 5.77301 0       0       0       
GRID    4000    0       41.4148 0.      5.925   0       0       0       
GRID    4014    0       41.4148 -0.109365.925   0       0       0       
GRID    4015    0       41.4148 -0.218735.925   0       0       0       
GRID    4016    0       41.6994 -0.777295.91037 0       0       0       
GRID    4017    0       41.9839 -1.335865.89575 0       0       0       
GRID    4018    0       42.2685 -1.894425.88112 0       0       0       
GRID    4019    0       42.553  -2.452985.86649 0       0       0       
GRID    4020    0       42.8376 -3.011545.85187 0       0       0       
GRID    4021    0       43.114  -3.513455.83872 0       0       0       
GRID    4022    0       43.3905 -4.015375.82558 0       0       0       
GRID    4023    0       43.6669 -4.517285.81244 0       0       0       
GRID    4024    0       43.9434 -5.019195.7993  0       0       0       
GRID    4025    0       44.2198 -5.5211 5.78615 0       0       0       
GRID    4026    0       44.4962 -6.023015.77301 0       0       0       

$-------2-------3-------4-------5-------6-------7-------8-------9-------10
$ Bodies and lifting surfaces definition
$-------2-------3-------4-------5-------6-------7-------8-------9-------10
CAERO1  200     0       0       3       8       N64A410 N64A410 1       
        15.9335 0       2.01297 3.11321 2.02278 1       0       2.8     2.8     
CAERO1  250     0       0       3       8       N64A410 N64A410 1       
        15.9335 0       2.01297 3.11321 -2.022781       0       2.8     2.8     
CAERO1  201     -3      0       13      8       N64A410 N64A410 1       
        15.9335 2.02463 2.01297 3.11321 11.6002 0.86713521.5596 2.8     2.8     
CAERO1  251     3       0       13      8       N64A410 N64A410 1       
        15.9335 -2.024632.01297 3.11321 -11.60020.867135-21.55962.8     2.8     
CAERO1  202     -3      0       5       6       N64A410 N64A410 1       
        20.6203 13.6089 1.40586 2.69957 4.27761 0.77496222.2801 2.8     0       
CAERO1  252     3       0       5       6       N64A410 N64A410 1       
        20.6203 -13.60891.40586 2.69957 -4.277610.774962-22.28012.8     0       
CAERO1  204     -3      0       8       6       N64A410 N64A410 1       
        22.5248 17.8806 1.18199 2.09206 5.49475 0.62615222.2762 0       0       
        1       0.202   0.202   3       aileronr
CAERO1  205     -3      0       2       9       N64A410 N64A410 1       
        24.9712 23.3754 0.8940211.30995 1.37369 0.85073622.2762 0       0       
CAERO1  254     3       0       8       6       N64A410 N64A410 1       
        22.5248 -17.88061.18199 2.09206 -5.494750.626152-22.27620       0       
        1       0.202   0.202   3       aileronl
CAERO1  255     3       0       2       9       N64A410 N64A410 1       
        24.9712 -23.37540.8940211.30995 -1.373690.850736-22.27620       0       
CAERO1  400     0       0       1       7       0012    0012    1       
        40.2065 0       5.925   3.02068 0.2187381       0       0       0       
CAERO1  450     0       0       1       7       0012    0012    1       
        40.2065 0       5.925   3.02068 -0.218731       0       0       0       
CAERO1  401     -1.5    0       3       4       0012    0012    1       
        40.2065 0.2187385.925   3.02068 2.79376 0.61794829.7366 0       0       
        1       0.31    0.31    3         elev1r
CAERO1  451     1.5     0       3       4       0012    0012    1       
        40.2065 -0.218735.925   3.02068 -2.793760.617948-29.73660       0       
        1       0.31    0.31    3         elev1l
CAERO1  402     -1.5    0       4       4       0012    0012    1       
        42.091  3.01154 5.85187 1.86662 3.0125  0.5     30.8395 0       0       
        1       0.31    0.31    3         elev2r
CAERO1  452     1.5     0       4       4       0012    0012    1       
        42.091  -3.011545.85187 1.86662 -3.0125 0.5     -30.83950       0       
        1       0.31    0.31    3         elev2l
CAERO1  301     90      0       4       4       0012    0012    1       
        35.608  0       1.7254  5.66268 2.41    0.85    39.2067 0       0       
        1       0.3     0.3     3        rudder1
CAERO1  302     90      0       3       4       0012    0012    1       
        37.7864 1.47e-164.1354  4.81328 1.7896  0.86895839.2067 0       0       
        1       0.3     0.3     3        rudder2
CAERO1  303     90      0       1       4       0012    0012    1       
        39.404  0       5.925   4.18254 0.6204  0.94772139.2067 0       0       
        1       0.3     0.3     3        rudder3
CAERO1  500     0       0       1       6       A3201515A32015151       
        20.3962 0       -1.975  4.02447 0.4370461       0       0       0       
CAERO1  550     0       0       1       6       A3201515A32015151       
        20.3962 0       -1.975  4.02447 -0.437041       0       0       0       
CAERO1  501     12      0       3       6       A3201515A32015151       
        20.3962 0.437046-1.975  4.02447 2.56045 0.43834831.7327 0       0       
CAERO1  551     -12     0       3       6       A3201515A32015151       
        20.3962 -0.43704-1.975  4.02447 -2.560450.438348-31.73270       0       
CAERO1  502     13      0       12      6       A32015150012    1       
        22.5447 2.94155 -1.442651.76412 10.6275 0.5     -6.6754 0       0       
CAERO1  552     -13     0       12      6       A32015150012    1       
        22.5447 -2.94155-1.442651.76412 -10.62750.5     6.6754  0       0       

$-------2-------3-------4-------5-------6-------7-------8-------9-------10
$ Links aeroelastic variables
$-------2-------3-------4-------5-------6-------7-------8-------9-------10
AELINK  1       aileronlaileronr1.0     
AELINK  2        rudder2 rudder11.0     
AELINK  3        rudder3 rudder11.0     
AELINK  4         elev2r  elev1r1.0     
AELINK  5         elev1l  elev1r-1.0    
AELINK  6         elev2l  elev1r-1.0    
PARAM   DIVERG  1       
AEROS           0       2.57907 49.538  122.69  0       0       

$-------2-------3-------4-------5-------6-------7-------8-------9-------10
$ Structural interpolation set
$-------2-------3-------4-------5-------6-------7-------8-------9-------10
SET1    200     2000    2001    2002    
CORD2R  200     0       17.489220.0000001.97500017.489220.0000002.975000
        16.489220.0000001.975000
SET1    201     2002    2003    2004    2005    2006    2007    2008    
        2009    2010    2011    2012    2013    2014    2015    
CORD2R  201     0       17.489222.0227791.97500017.489222.0746802.973652
        16.556382.3825671.956301
SET1    202     2015    2016    2017    2018    2019    2020    
CORD2R  202     0       21.9693013.607291.37293921.9693013.651932.371942
        21.0327913.957571.357287
SET1    203     2020    2021    2022    2023    2024    2025    2026    
        2027    2028    
CORD2R  203     0       23.5708117.880631.18198923.5708117.932972.180619
        22.6341918.230511.163653
SET1    250     2000    2029    2030    
CORD2R  250     0       17.489220.0000001.97500017.489220.0000000.975000
        16.489220.0000001.975000
SET1    251     2030    2031    2032    2033    2034    2035    2036    
        2037    2038    2039    2040    2041    2042    2043    
CORD2R  251     0       17.48922-2.022771.97500017.48922-1.970870.976348
        16.55638-2.382561.956301
SET1    252     2043    2044    2045    2046    2047    2048    
CORD2R  252     0       21.96930-13.60721.37293921.96930-13.56260.373935
        21.03279-13.95751.357287
SET1    253     2048    2049    2050    2051    2052    2053    2054    
        2055    2056    
CORD2R  253     0       23.57081-17.88061.18198923.57081-17.82830.183360
        22.63419-18.23051.163653
SET1    301     3000    3001    3002    3003    3004    3005    
CORD2R  301     0       37.731500.0000001.72540037.73150-1.000001.725400
        36.939830.0000002.336347
SET1    302     3005    3006    3007    3008    3009    3010    
CORD2R  302     0       39.591340.0000004.13540039.59134-1.000004.135400
        38.799670.0000004.746347
SET1    400     4000    4001    
CORD2R  400     0       41.414810.0000005.92500041.414810.0000006.925000
        40.414810.0000005.925000
SET1    401     4001    4002    4003    4004    4005    4006    4007    
CORD2R  401     0       41.414810.1093695.92500041.414810.1345606.924683
        40.516850.5493135.913914
SET1    402     4007    4008    4009    4010    4011    4012    4013    
CORD2R  402     0       42.837603.0115435.85186842.837603.0377206.851525
        41.961603.4936885.839242
SET1    450     4000    4014    
CORD2R  450     0       41.414810.0000005.92500041.414810.0000004.925000
        40.414810.0000005.925000
SET1    451     4014    4015    4016    4017    4018    4019    4020    
CORD2R  451     0       41.41481-0.109365.92500041.41481-0.084174.925317
        40.51685-0.549315.913914
SET1    452     4020    4021    4022    4023    4024    4025    4026    
CORD2R  452     0       42.83760-3.011545.85186842.83760-2.985364.852211
        41.96160-3.493685.839242
SET1    500     5000    5001    5002    
CORD2R  500     0       23.012130.000000-1.9750023.012130.000000-0.97500
        22.012130.000000-1.97500
SET1    501     5002    5003    5004    5005    
CORD2R  501     0       23.012130.437046-1.9750023.012130.229134-0.99685
        22.020150.560745-1.94870
SET1    502     5005    5006    5007    5008    5009    5010    5011    
        5012    5013    5014    5015    5016    
CORD2R  502     0       23.338552.941548-1.4426523.338552.716597-0.46828
        22.347362.812483-1.47244
SET1    550     5000    5017    5018    
CORD2R  550     0       23.012130.000000-1.9750023.012130.000000-2.97500
        22.012130.000000-1.97500
SET1    551     5018    5019    5020    5021    
CORD2R  551     0       23.01213-0.43704-1.9750023.01213-0.64495-2.95314
        22.02015-0.56074-1.94870
SET1    552     5021    5022    5023    5024    5025    5026    5027    
        5028    5029    5030    5031    5032    
CORD2R  552     0       23.33855-2.94154-1.4426523.33855-3.16649-2.41702
        22.34736-2.81248-1.47244

$-------2-------3-------4-------5-------6-------7-------8-------9-------10
$ Interpolation definition
$-------2-------3-------4-------5-------6-------7-------8-------9-------10
SPLINE1 200     200     1       24      200                     0       
SPLINE1 201     201     1       104     201                     0       
SPLINE1 202     202     1       30      202                     0       
SPLINE1 203     204     1       72      203                     0       
SPLINE1 204     205     1       18      203                     0       
SPLINE1 250     250     1       24      250                     0       
SPLINE1 251     251     1       104     251                     0       
SPLINE1 252     252     1       30      252                     0       
SPLINE1 253     254     1       72      253                     0       
SPLINE1 254     255     1       18      253                     0       
SPLINE1 301     301     1       28      301                     0       
SPLINE1 302     302     1       21      302                     0       
SPLINE1 303     303     1       7       302                     0       
SPLINE1 400     400     1       7       400                     0       
SPLINE1 401     401     1       21      401                     0       
SPLINE1 402     402     1       28      402                     0       
SPLINE1 450     450     1       7       450                     0       
SPLINE1 451     451     1       21      451                     0       
SPLINE1 452     452     1       28      452                     0       
SPLINE1 500     500     1       6       500                     0       
SPLINE1 501     501     1       18      501                     0       
SPLINE1 502     502     1       72      502                     0       
SPLINE1 550     550     1       6       550                     0       
SPLINE1 551     551     1       18      551                     0       
SPLINE1 552     552     1       72      552                     0       
PARAM   GRDPNT  1005    
CONM2   1       1005    0       85149   1.55914 0       0.016722
        1.71e+060.      6.93e+060.      0.      8.42e+06
SOL 144
$
$-------2-------3-------4-------5-------6-------7-------8-------9-------10
$ GUESS/SMARTCAD trim interface automatically included by GUESS
$-------2-------3-------4-------5-------6-------7-------8-------9-------10
$
INCLUDE C:\Users\chang.xu\Projekte\Chose\NeoCASS_vanila\NeoCASS_canard_fix\Output\SBW\trim_conditions_Chose.inc
$

$ Uncomment the following lines to run solve_vlm_rigid and get aero data
$TRIM    1       1       0.3     0.0     SIDES   0.0     ROLL    0.0     
$        PITCH   0.0     YAW     0.0     URDD2   0.0     URDD3   9.81    
$        URDD4   0.0     URDD5   0.0     URDD6   0.0     ANGLEA  0.0     
$          elev1r0.0      rudder10.0     aileronr0.0     
GRID    9000    0       21.43   0.      -0.5    0       0       0       
PARAM   LANDG   9000
