INCLUDE C:\Users\chang.xu\Projekte\Chose\NeoCASS_vanila\NeoCASS_canard_fix\Output\SBW\sbw_tube.dat
$-------2-------3-------4-------5-------6-------7-------8-------9-------10
$ Lumped masses: PASSENGERS 25000 Kg
$ Fuselage beams: from 7 to 34
$ Fraction of cabin length : from 0 to 100 %
$ Cabin length = 28.0405 m.
$-------2-------3-------4-------5-------6-------7-------8-------9-------10
CONM2   5       1006    0       456.791 0       0       0       
        0.      0.      0.      0.      0.      0.      
CONM2   6       1007    0       903.634 0       0       0       
        0.      0.      0.      0.      0.      0.      
CONM2   7       1008    0       904.048 0       0       0       
        0.      0.      0.      0.      0.      0.      
CONM2   8       1009    0       904.462 0       0       0       
        0.      0.      0.      0.      0.      0.      
CONM2   9       1010    0       904.876 0       0       0       
        0.      0.      0.      0.      0.      0.      
CONM2   10      1011    0       905.291 0       0       0       
        0.      0.      0.      0.      0.      0.      
CONM2   11      1012    0       905.705 0       0       0       
        0.      0.      0.      0.      0.      0.      
CONM2   12      1013    0       906.119 0       0       0       
        0.      0.      0.      0.      0.      0.      
CONM2   13      1014    0       906.533 0       0       0       
        0.      0.      0.      0.      0.      0.      
CONM2   14      1015    0       906.948 0       0       0       
        0.      0.      0.      0.      0.      0.      
CONM2   15      1016    0       907.362 0       0       0       
        0.      0.      0.      0.      0.      0.      
CONM2   16      1017    0       907.776 0       0       0       
        0.      0.      0.      0.      0.      0.      
CONM2   17      1018    0       908.19  0       0       0       
        0.      0.      0.      0.      0.      0.      
CONM2   18      1019    0       750.749 0       0       0       
        0.      0.      0.      0.      0.      0.      
CONM2   19      1020    0       811.056 0       0       0       
        0.      0.      0.      0.      0.      0.      
CONM2   20      1021    0       1067.2  0       0       0       
        0.      0.      0.      0.      0.      0.      
CONM2   21      1022    0       1007.66 0       0       0       
        0.      0.      0.      0.      0.      0.      
CONM2   22      1023    0       910.262 0       0       0       
        0.      0.      0.      0.      0.      0.      
CONM2   23      1024    0       910.676 0       0       0       
        0.      0.      0.      0.      0.      0.      
CONM2   24      1025    0       844.356 0       0       0       
        0.      0.      0.      0.      0.      0.      
CONM2   25      1026    0       911.442 0       0       0       
        0.      0.      0.      0.      0.      0.      
CONM2   26      1027    0       978.652 0       0       0       
        0.      0.      0.      0.      0.      0.      
CONM2   27      1028    0       912.333 0       0       0       
        0.      0.      0.      0.      0.      0.      
CONM2   28      1029    0       912.747 0       0       0       
        0.      0.      0.      0.      0.      0.      
CONM2   29      1030    0       913.161 0       0       0       
        0.      0.      0.      0.      0.      0.      
CONM2   30      1031    0       913.575 0       0       0       
        0.      0.      0.      0.      0.      0.      
CONM2   31      1032    0       913.99  0       0       0       
        0.      0.      0.      0.      0.      0.      
CONM2   32      1033    0       914.404 0       0       0       
        0.      0.      0.      0.      0.      0.      

$-------2-------3-------4-------5-------6-------7-------8-------9-------10
$ Lumped masses: WING TANK FUEL 8500 Kg
$ Wing beams: from 3 to 63
$ Span fraction: from 8.1666 to 70 %
$-------2-------3-------4-------5-------6-------7-------8-------9-------10
CONM2   33      2002    0       41.8823 0       0       0       
        0.8472211.5652  4.28919 -0.08134-0.210340.252842
CONM2   34      2003    0       83.5227 0       0       0       
        1.686   3.11219 8.52986 -0.16174-0.418230.504159
CONM2   35      2004    0       83.0395 0       0       0       
        1.66917 3.0759  8.43324 -0.15985-0.413350.501115
CONM2   36      2005    0       82.5578 0       0       0       
        1.65248 3.03993 8.33745 -0.15798-0.408520.498081
CONM2   37      2006    0       82.0774 0       0       0       
        1.63592 3.00427 8.24247 -0.15613-0.403730.495057
CONM2   38      2007    0       81.5984 0       0       0       
        1.61948 2.96892 8.1483  -0.15429-0.398980.492044
CONM2   39      2008    0       81.1208 0       0       0       
        1.60317 2.93389 8.05495 -0.15247-0.394270.489041
CONM2   40      2009    0       80.6446 0       0       0       
        1.58699 2.89916 7.9624  -0.15067-0.389600.486048
CONM2   41      2010    0       80.1699 0       0       0       
        1.57094 2.86474 7.87066 -0.14888-0.384980.483065
CONM2   42      2011    0       79.6965 0       0       0       
        1.55501 2.83062 7.7797  -0.14711-0.380390.480093
CONM2   43      2012    0       79.2245 0       0       0       
        1.53921 2.79681 7.68954 -0.14535-0.375850.47713 
CONM2   44      2013    0       78.754  0       0       0       
        1.52353 2.7633  7.60017 -0.14361-0.371350.474178
CONM2   45      2014    0       78.2848 0       0       0       
        1.50797 2.73009 7.51158 -0.14188-0.366880.471236
CONM2   46      2015    0       77.817  0       0       0       
        1.49254 2.69717 7.42377 -0.14017-0.362460.468305
CONM2   47      2016    0       77.3507 0       0       0       
        1.47723 2.66455 7.33673 -0.13848-0.358070.465383
CONM2   48      2017    0       76.8857 0       0       0       
        1.46205 2.63223 7.25046 -0.1368 -0.353730.462472
CONM2   49      2018    0       76.4221 0       0       0       
        1.44698 2.60019 7.16495 -0.13513-0.349430.459571
CONM2   50      2019    0       77.5707 0       0       0       
        1.47951 2.61592 7.23206 -0.13595-0.351540.486125
CONM2   51      2020    0       78.7108 0       0       0       
        1.5116  2.63096 7.29722 -0.13673-0.353560.512506
CONM2   52      2021    0       78.2319 0       0       0       
        1.49579 2.59786 7.20862 -0.13501-0.349110.509268
CONM2   53      2022    0       77.7545 0       0       0       
        1.48011 2.56507 7.12083 -0.13331-0.344710.506042
CONM2   54      2023    0       77.2785 0       0       0       
        1.46456 2.53258 7.03385 -0.13162-0.340340.502827
CONM2   55      2024    0       76.804  0       0       0       
        1.44914 2.5004  6.94767 -0.12994-0.336020.499624
CONM2   56      2025    0       76.331  0       0       0       
        1.43384 2.46853 6.86228 -0.12829-0.331730.496431
CONM2   57      2026    0       75.8594 0       0       0       
        1.41867 2.43696 6.77768 -0.12665-0.327490.49325 
CONM2   58      2027    0       75.3893 0       0       0       
        1.40363 2.40569 6.69387 -0.12502-0.323290.49008 
CONM2   59      2028    0       74.9206 0       0       0       
        1.38871 2.37472 6.61084 -0.12341-0.319120.486922
CONM2   60      2029    0       74.4534 0       0       0       
        1.37391 2.34404 6.52858 -0.12182-0.315000.483775
CONM2   61      2030    0       73.9876 0       0       0       
        1.35924 2.31366 6.4471  -0.12024-0.310920.480639
CONM2   62      2031    0       73.5234 0       0       0       
        1.34469 2.28357 6.36639 -0.11868-0.306880.477514
CONM2   63      2032    0       73.0605 0       0       0       
        1.33026 2.25377 6.28643 -0.11713-0.302870.4744  
CONM2   64      2033    0       72.5992 0       0       0       
        1.31595 2.22426 6.20723 -0.11559-0.298910.471298
CONM2   65      2034    0       72.1393 0       0       0       
        1.30176 2.19504 6.12879 -0.11407-0.294980.468207
CONM2   66      2035    0       71.6808 0       0       0       
        1.2877  2.16611 6.05109 -0.11257-0.291090.465126
CONM2   67      2036    0       71.2239 0       0       0       
        1.27375 2.13746 5.97413 -0.11108-0.287240.462058
CONM2   68      2037    0       70.7683 0       0       0       
        1.25992 2.10909 5.89791 -0.10961-0.283430.459   
CONM2   69      2038    0       70.3143 0       0       0       
        1.2462  2.08099 5.82242 -0.10815-0.279650.455953
CONM2   70      2039    0       69.8617 0       0       0       
        1.2326  2.05318 5.74766 -0.10670-0.275920.452918
CONM2   71      2040    0       69.4106 0       0       0       
        1.21912 2.02565 5.67363 -0.10527-0.272210.449893
CONM2   72      2041    0       68.9609 0       0       0       
        1.20576 1.99838 5.60031 -0.10385-0.268550.44688 
CONM2   73      2042    0       68.5127 0       0       0       
        1.19251 1.97139 5.52771 -0.10245-0.264920.443878
CONM2   74      2043    0       68.0659 0       0       0       
        1.17937 1.94468 5.45582 -0.10106-0.261330.440886
CONM2   75      2044    0       67.6207 0       0       0       
        1.16634 1.91823 5.38463 -0.09969-0.257780.437906
CONM2   76      2045    0       67.1768 0       0       0       
        1.15343 1.89204 5.31414 -0.09833-0.254260.434937
CONM2   77      2046    0       66.7345 0       0       0       
        1.14063 1.86613 5.24435 -0.09698-0.250780.431979
CONM2   78      2047    0       66.2936 0       0       0       
        1.12794 1.84047 5.17525 -0.09565-0.247330.429032
CONM2   79      2048    0       64.907  0       0       0       
        1.0727  1.76815 5.04168 -0.08566-0.224660.410056
CONM2   80      2049    0       62.9588 0       0       0       
        1.00409 1.66862 4.83116 -0.07456-0.198950.387636
CONM2   81      2050    0       61.3431 0       0       0       
        0.9627591.58427 4.59637 -0.07079-0.188890.377467
CONM2   82      2051    0       59.6863 0       0       0       
        0.9202  1.4973  4.35435 -0.06690-0.178520.367037
CONM2   83      2052    0       58.0522 0       0       0       
        0.8791211.41392 4.12204 -0.06317-0.168580.356762
CONM2   84      2053    0       56.4407 0       0       0       
        0.8394861.33403 3.89916 -0.05960-0.159050.346642
CONM2   85      2054    0       54.852  0       0       0       
        0.8012561.25752 3.68546 -0.05619-0.149930.336677
CONM2   86      2055    0       53.2859 0       0       0       
        0.7643971.18431 3.48068 -0.05291-0.141200.326866
CONM2   87      2056    0       51.7425 0       0       0       
        0.7288731.1143  3.28458 -0.04979-0.132850.317208
CONM2   88      2057    0       50.2218 0       0       0       
        0.69465 1.04739 3.09689 -0.04680-0.124880.307703
CONM2   89      2058    0       48.7237 0       0       0       
        0.6616910.9834912.91738 -0.04394-0.117260.298351
CONM2   90      2059    0       47.2484 0       0       0       
        0.6299650.9225172.74581 -0.04122-0.109990.289151
CONM2   91      2060    0       45.7957 0       0       0       
        0.5994370.8643762.58193 -0.03862-0.103060.280102
CONM2   92      2061    0       44.3657 0       0       0       
        0.5700740.8089812.42552 -0.03614-0.096450.271205
CONM2   93      2062    0       42.9584 0       0       0       
        0.5418440.7562452.27633 -0.03379-0.090160.262458
CONM2   94      2063    0       21.1302 0       0       0       
        0.2640040.3652651.10176 -0.01632-0.043550.129061
CONM2   95      2095    0       41.8823 0       0       0       
        0.847221-1.5652 4.28919 -0.081340.2103420.252842
CONM2   96      2096    0       83.5227 0       0       0       
        1.686   -3.112198.52986 -0.161740.4182350.504159
CONM2   97      2097    0       83.0395 0       0       0       
        1.66917 -3.0759 8.43324 -0.159850.4133590.501115
CONM2   98      2098    0       82.5578 0       0       0       
        1.65248 -3.039938.33745 -0.157980.4085250.498081
CONM2   99      2099    0       82.0774 0       0       0       
        1.63592 -3.004278.24247 -0.156130.4037330.495057
CONM2   100     2100    0       81.5984 0       0       0       
        1.61948 -2.968928.1483  -0.154290.3989830.492044
CONM2   101     2101    0       81.1208 0       0       0       
        1.60317 -2.933898.05495 -0.152470.3942740.489041
CONM2   102     2102    0       80.6446 0       0       0       
        1.58699 -2.899167.9624  -0.150670.3896080.486048
CONM2   103     2103    0       80.1699 0       0       0       
        1.57094 -2.864747.87066 -0.148880.3849820.483065
CONM2   104     2104    0       79.6965 0       0       0       
        1.55501 -2.830627.7797  -0.147110.3803970.480093
CONM2   105     2105    0       79.2245 0       0       0       
        1.53921 -2.796817.68954 -0.145350.3758530.47713 
CONM2   106     2106    0       78.754  0       0       0       
        1.52353 -2.7633 7.60017 -0.143610.37135 0.474178
CONM2   107     2107    0       78.2848 0       0       0       
        1.50797 -2.730097.51158 -0.141880.3668860.471236
CONM2   108     2108    0       77.817  0       0       0       
        1.49254 -2.697177.42377 -0.140170.3624630.468305
CONM2   109     2109    0       77.3507 0       0       0       
        1.47723 -2.664557.33673 -0.138480.3580790.465383
CONM2   110     2110    0       76.8857 0       0       0       
        1.46205 -2.632237.25046 -0.1368 0.3537350.462472
CONM2   111     2111    0       76.4221 0       0       0       
        1.44698 -2.600197.16495 -0.135130.34943 0.459571
CONM2   112     2112    0       77.5707 0       0       0       
        1.47951 -2.615927.23206 -0.135950.3515440.486125
CONM2   113     2113    0       78.7108 0       0       0       
        1.5116  -2.630967.29722 -0.136730.3535650.512506
CONM2   114     2114    0       78.2319 0       0       0       
        1.49579 -2.597867.20862 -0.135010.3491160.509268
CONM2   115     2115    0       77.7545 0       0       0       
        1.48011 -2.565077.12083 -0.133310.34471 0.506042
CONM2   116     2116    0       77.2785 0       0       0       
        1.46456 -2.532587.03385 -0.131620.3403440.502827
CONM2   117     2117    0       76.804  0       0       0       
        1.44914 -2.5004 6.94767 -0.129940.33602 0.499624
CONM2   118     2118    0       76.331  0       0       0       
        1.43384 -2.468536.86228 -0.128290.3317370.496431
CONM2   119     2119    0       75.8594 0       0       0       
        1.41867 -2.436966.77768 -0.126650.3274940.49325 
CONM2   120     2120    0       75.3893 0       0       0       
        1.40363 -2.405696.69387 -0.125020.3232920.49008 
CONM2   121     2121    0       74.9206 0       0       0       
        1.38871 -2.374726.61084 -0.123410.3191290.486922
CONM2   122     2122    0       74.4534 0       0       0       
        1.37391 -2.344046.52858 -0.121820.3150070.483775
CONM2   123     2123    0       73.9876 0       0       0       
        1.35924 -2.313666.4471  -0.120240.3109240.480639
CONM2   124     2124    0       73.5234 0       0       0       
        1.34469 -2.283576.36639 -0.118680.3068810.477514
CONM2   125     2125    0       73.0605 0       0       0       
        1.33026 -2.253776.28643 -0.117130.3028760.4744  
CONM2   126     2126    0       72.5992 0       0       0       
        1.31595 -2.224266.20723 -0.115590.2989110.471298
CONM2   127     2127    0       72.1393 0       0       0       
        1.30176 -2.195046.12879 -0.114070.2949840.468207
CONM2   128     2128    0       71.6808 0       0       0       
        1.2877  -2.166116.05109 -0.112570.2910950.465126
CONM2   129     2129    0       71.2239 0       0       0       
        1.27375 -2.137465.97413 -0.111080.2872450.462058
CONM2   130     2130    0       70.7683 0       0       0       
        1.25992 -2.109095.89791 -0.109610.2834320.459   
CONM2   131     2131    0       70.3143 0       0       0       
        1.2462  -2.080995.82242 -0.108150.2796570.455953
CONM2   132     2132    0       69.8617 0       0       0       
        1.2326  -2.053185.74766 -0.106700.27592 0.452918
CONM2   133     2133    0       69.4106 0       0       0       
        1.21912 -2.025655.67363 -0.105270.2722190.449893
CONM2   134     2134    0       68.9609 0       0       0       
        1.20576 -1.998385.60031 -0.103850.2685560.44688 
CONM2   135     2135    0       68.5127 0       0       0       
        1.19251 -1.971395.52771 -0.102450.2649290.443878
CONM2   136     2136    0       68.0659 0       0       0       
        1.17937 -1.944685.45582 -0.101060.2613380.440886
CONM2   137     2137    0       67.6207 0       0       0       
        1.16634 -1.918235.38463 -0.099690.2577830.437906
CONM2   138     2138    0       67.1768 0       0       0       
        1.15343 -1.892045.31414 -0.098330.2542650.434937
CONM2   139     2139    0       66.7345 0       0       0       
        1.14063 -1.866135.24435 -0.096980.2507820.431979
CONM2   140     2140    0       66.2936 0       0       0       
        1.12794 -1.840475.17525 -0.095650.2473350.429032
CONM2   141     2141    0       64.907  0       0       0       
        1.0727  -1.768155.04168 -0.085660.2246680.410056
CONM2   142     2142    0       62.9588 0       0       0       
        1.00409 -1.668624.83116 -0.074560.1989510.387636
CONM2   143     2143    0       61.3431 0       0       0       
        0.962759-1.584274.59637 -0.070790.1888940.377467
CONM2   144     2144    0       59.6863 0       0       0       
        0.9202  -1.4973 4.35435 -0.066900.1785250.367037
CONM2   145     2145    0       58.0522 0       0       0       
        0.879121-1.413924.12204 -0.063170.1685840.356762
CONM2   146     2146    0       56.4407 0       0       0       
        0.839486-1.334033.89916 -0.059600.1590580.346642
CONM2   147     2147    0       54.852  0       0       0       
        0.801256-1.257523.68546 -0.056190.1499360.336677
CONM2   148     2148    0       53.2859 0       0       0       
        0.764397-1.184313.48068 -0.052910.1412070.326866
CONM2   149     2149    0       51.7425 0       0       0       
        0.728873-1.1143 3.28458 -0.049790.1328590.317208
CONM2   150     2150    0       50.2218 0       0       0       
        0.69465 -1.047393.09689 -0.046800.1248810.307703
CONM2   151     2151    0       48.7237 0       0       0       
        0.661691-0.983492.91738 -0.043940.1172630.298351
CONM2   152     2152    0       47.2484 0       0       0       
        0.629965-0.922512.74581 -0.041220.1099930.289151
CONM2   153     2153    0       45.7957 0       0       0       
        0.599437-0.864372.58193 -0.038620.10306 0.280102
CONM2   154     2154    0       44.3657 0       0       0       
        0.570074-0.808982.42552 -0.036140.0964550.271205
CONM2   155     2155    0       42.9584 0       0       0       
        0.541844-0.756242.27633 -0.033790.0901670.262458
CONM2   156     2156    0       21.1302 0       0       0       
        0.264004-0.365261.10176 -0.016320.0435510.129061

$-------2-------3-------4-------5-------6-------7-------8-------9-------10
$ Lumped masses: CENTRAL TANK FUEL 7500 Kg
$ Wing beams: from 1 to 2
$-------2-------3-------4-------5-------6-------7-------8-------9-------10
CONM2   157     2000    0       937.5   0       0       0       
        79.9147 0.      125.87  0.      0.      79.9147 
CONM2   158     2001    0       1875    0       0       0       
        159.829 0.      243.744 0.      0.      159.829 
CONM2   159     2002    0       937.5   0       0       0       
        79.9147 0.      117.873 0.      0.      79.9147 
CONM2   160     2000    0       937.5   0       0       0       
        79.9147 0.      125.87  0.      0.      79.9147 
CONM2   161     2094    0       1875    0       0       0       
        159.829 0.      243.744 0.      0.      159.829 
CONM2   162     2095    0       937.5   0       0       0       
        79.9147 0.      117.873 0.      0.      79.9147 

$ Summary of payload (as CONM2): 
$ Wing tank: 8500
$ Central tank: 7500
$ Auxiliary tank: 0
$ Passengers: 25000
$ Baggage: 0
$-------2-------3-------4-------5-------6-------7-------8-------9-------10
$ SUPORT FOR CURRENT CONFIGURATION
SUPORT  1       1023    123456  
