% A320_1130  
  103   103
	1.000000	 0.001662
	0.990000	 0.003321
	0.980000	 0.004981
	0.970000	 0.006642
	0.960000	 0.008302
	0.950000	 0.009934
	0.940000	 0.011563
	0.930000	 0.013192
	0.920000	 0.014822
	0.910000	 0.016441
	0.900000	 0.018048
	0.890000	 0.019654
	0.880000	 0.021261
	0.870000	 0.022868
	0.860000	 0.024416
	0.850000	 0.025696
	0.840000	 0.026976
	0.830000	 0.028257
	0.820000	 0.029537
	0.810000	 0.030786
	0.800000	 0.031812
	0.790000	 0.032839
	0.780000	 0.033865
	0.770000	 0.034892
	0.760000	 0.035917
	0.750000	 0.036943
	0.740000	 0.037861
	0.730000	 0.038627
	0.720000	 0.039392
	0.710000	 0.040156
	0.700000	 0.040921
	0.690000	 0.041686
	0.680000	 0.042451
	0.670000	 0.043216
	0.660000	 0.043835
	0.650000	 0.044452
	0.640000	 0.045069
	0.630000	 0.045687
	0.620000	 0.046304
	0.610000	 0.046921
	0.600000	 0.047538
	0.590000	 0.048151
	0.580000	 0.048716
	0.570000	 0.049281
	0.560000	 0.049846
	0.550000	 0.050411
	0.540000	 0.050976
	0.530000	 0.051541
	0.520000	 0.051856
	0.510000	 0.052003
	0.500000	 0.052150
	0.490000	 0.052296
	0.480000	 0.052443
	0.470000	 0.052599
	0.460000	 0.052945
	0.450000	 0.053291
	0.440000	 0.053637
	0.430000	 0.053983
	0.420000	 0.054329
	0.410000	 0.054625
	0.400000	 0.054625
	0.390000	 0.054625
	0.380000	 0.054625
	0.370000	 0.054625
	0.360000	 0.054625
	0.350000	 0.054505
	0.340000	 0.054336
	0.330000	 0.054167
	0.320000	 0.053997
	0.310000	 0.053828
	0.300000	 0.053539
	0.290000	 0.053229
	0.280000	 0.052921
	0.270000	 0.052612
	0.260000	 0.052303
	0.250000	 0.051915
	0.240000	 0.051462
	0.230000	 0.051008
	0.220000	 0.050554
	0.210000	 0.050100
	0.200000	 0.049590
	0.190000	 0.048608
	0.180000	 0.047626
	0.170000	 0.046644
	0.160000	 0.045662
	0.150000	 0.044696
	0.140000	 0.043745
	0.130000	 0.042794
	0.120000	 0.041842
	0.110000	 0.040638
	0.100000	 0.039263
	0.090000	 0.037888
	0.080000	 0.036513
	0.070000	 0.034768
	0.060000	 0.032862
	0.050000	 0.030824
	0.040000	 0.027601
	0.030000	 0.023565
	0.020000	 0.018939
	0.010000	 0.014489
	0.005000	 0.009407
	0.002000	 0.004902
	0.000000	 0.000000
	0.000000	 0.000000
	0.002000	-0.004664
	0.005000	-0.009897
	0.010000	-0.014262
	0.020000	-0.018934
	0.030000	-0.021682
	0.040000	-0.024123
	0.050000	-0.026175
	0.060000	-0.028227
	0.070000	-0.029703
	0.080000	-0.031078
	0.090000	-0.032452
	0.100000	-0.033908
	0.110000	-0.035471
	0.120000	-0.037033
	0.130000	-0.038547
	0.140000	-0.039754
	0.150000	-0.040961
	0.160000	-0.042168
	0.170000	-0.043374
	0.180000	-0.044605
	0.190000	-0.045855
	0.200000	-0.047105
	0.210000	-0.048355
	0.220000	-0.049605
	0.230000	-0.050698
	0.240000	-0.051786
	0.250000	-0.052874
	0.260000	-0.053962
	0.270000	-0.054971
	0.280000	-0.055506
	0.290000	-0.056041
	0.300000	-0.056576
	0.310000	-0.057111
	0.320000	-0.057646
	0.330000	-0.057837
	0.340000	-0.058016
	0.350000	-0.058195
	0.360000	-0.058375
	0.370000	-0.058310
	0.380000	-0.058200
	0.390000	-0.058091
	0.400000	-0.057983
	0.410000	-0.057849
	0.420000	-0.057647
	0.430000	-0.057444
	0.440000	-0.057242
	0.450000	-0.057039
	0.460000	-0.056375
	0.470000	-0.055585
	0.480000	-0.054794
	0.490000	-0.053747
	0.500000	-0.052529
	0.510000	-0.051311
	0.520000	-0.050018
	0.530000	-0.048661
	0.540000	-0.047304
	0.550000	-0.045947
	0.560000	-0.044723
	0.570000	-0.043517
	0.580000	-0.042312
	0.590000	-0.041073
	0.600000	-0.039547
	0.610000	-0.038021
	0.620000	-0.036495
	0.630000	-0.034885
	0.640000	-0.033098
	0.650000	-0.031311
	0.660000	-0.029524
	0.670000	-0.027738
	0.680000	-0.025951
	0.690000	-0.024164
	0.700000	-0.022377
	0.710000	-0.020716
	0.720000	-0.019379
	0.730000	-0.018043
	0.740000	-0.016707
	0.750000	-0.015371
	0.760000	-0.013909
	0.770000	-0.012381
	0.780000	-0.010854
	0.790000	-0.009327
	0.800000	-0.008141
	0.810000	-0.007149
	0.820000	-0.006156
	0.830000	-0.005164
	0.840000	-0.004195
	0.850000	-0.003248
	0.860000	-0.002301
	0.870000	-0.001355
	0.880000	-0.000741
	0.890000	-0.000350
	0.900000	 0.000042
	0.910000	 0.000228
	0.920000	 0.000119
	0.930000	 0.000009
	0.940000	-0.000099
	0.950000	-0.000091
	0.960000	-0.000082
	0.970000	-0.000233
	0.980000	-0.000387
	0.990000	-0.000869
	1.000000	-0.001662