% A320_1175
  103   103
	1.000000	 0.001728
	0.990000	 0.003454
	0.980000	 0.005180
	0.970000	 0.006907
	0.960000	 0.008632
	0.950000	 0.010329
	0.940000	 0.012024
	0.930000	 0.013718
	0.920000	 0.015412
	0.910000	 0.017095
	0.900000	 0.018767
	0.890000	 0.020437
	0.880000	 0.022108
	0.870000	 0.023778
	0.860000	 0.025388
	0.850000	 0.026719
	0.840000	 0.028050
	0.830000	 0.029382
	0.820000	 0.030713
	0.810000	 0.032012
	0.800000	 0.033079
	0.790000	 0.034147
	0.780000	 0.035213
	0.770000	 0.036281
	0.760000	 0.037348
	0.750000	 0.038415
	0.740000	 0.039369
	0.730000	 0.040165
	0.720000	 0.040961
	0.710000	 0.041755
	0.700000	 0.042551
	0.690000	 0.043347
	0.680000	 0.044141
	0.670000	 0.044937
	0.660000	 0.045580
	0.650000	 0.046222
	0.640000	 0.046864
	0.630000	 0.047506
	0.620000	 0.048148
	0.610000	 0.048789
	0.600000	 0.049431
	0.590000	 0.050069
	0.580000	 0.050656
	0.570000	 0.051244
	0.560000	 0.051831
	0.550000	 0.052419
	0.540000	 0.053006
	0.530000	 0.053594
	0.520000	 0.053921
	0.510000	 0.054073
	0.500000	 0.054227
	0.490000	 0.054379
	0.480000	 0.054532
	0.470000	 0.054694
	0.460000	 0.055053
	0.450000	 0.055413
	0.440000	 0.055773
	0.430000	 0.056133
	0.420000	 0.056493
	0.410000	 0.056801
	0.400000	 0.056801
	0.390000	 0.056801
	0.380000	 0.056801
	0.370000	 0.056801
	0.360000	 0.056801
	0.350000	 0.056676
	0.340000	 0.056499
	0.330000	 0.056324
	0.320000	 0.056147
	0.310000	 0.055972
	0.300000	 0.055671
	0.290000	 0.055349
	0.280000	 0.055028
	0.270000	 0.054707
	0.260000	 0.054386
	0.250000	 0.053983
	0.240000	 0.053511
	0.230000	 0.053039
	0.220000	 0.052567
	0.210000	 0.052095
	0.200000	 0.051565
	0.190000	 0.050544
	0.180000	 0.049523
	0.170000	 0.048502
	0.160000	 0.047481
	0.150000	 0.046476
	0.140000	 0.045487
	0.130000	 0.044498
	0.120000	 0.043508
	0.110000	 0.042256
	0.100000	 0.040827
	0.090000	 0.039396
	0.080000	 0.037967
	0.070000	 0.036152
	0.060000	 0.034171
	0.050000	 0.032051
	0.040000	 0.028700
	0.030000	 0.024503
	0.020000	 0.019693
	0.010000	 0.015066
	0.005000	 0.009782
	0.002000	 0.005097
	0.000000	 0.000000
	0.000000	 0.000000
	0.002000	-0.004850
	0.005000	-0.010291
	0.010000	-0.014830
	0.020000	-0.019688
	0.030000	-0.022545
	0.040000	-0.025084
	0.050000	-0.027218
	0.060000	-0.029351
	0.070000	-0.030886
	0.080000	-0.032315
	0.090000	-0.033744
	0.100000	-0.035258
	0.110000	-0.036884
	0.120000	-0.038508
	0.130000	-0.040082
	0.140000	-0.041337
	0.150000	-0.042592
	0.160000	-0.043847
	0.170000	-0.045102
	0.180000	-0.046381
	0.190000	-0.047681
	0.200000	-0.048981
	0.210000	-0.050280
	0.220000	-0.051580
	0.230000	-0.052717
	0.240000	-0.053848
	0.250000	-0.054979
	0.260000	-0.056110
	0.270000	-0.057160
	0.280000	-0.057716
	0.290000	-0.058272
	0.300000	-0.058829
	0.310000	-0.059386
	0.320000	-0.059942
	0.330000	-0.060140
	0.340000	-0.060327
	0.350000	-0.060513
	0.360000	-0.060699
	0.370000	-0.060632
	0.380000	-0.060518
	0.390000	-0.060405
	0.400000	-0.060292
	0.410000	-0.060153
	0.420000	-0.059943
	0.430000	-0.059732
	0.440000	-0.059521
	0.450000	-0.059311
	0.460000	-0.058620
	0.470000	-0.057798
	0.480000	-0.056976
	0.490000	-0.055887
	0.500000	-0.054621
	0.510000	-0.053354
	0.520000	-0.052010
	0.530000	-0.050599
	0.540000	-0.049187
	0.550000	-0.047776
	0.560000	-0.046504
	0.570000	-0.045250
	0.580000	-0.043997
	0.590000	-0.042709
	0.600000	-0.041122
	0.610000	-0.039535
	0.620000	-0.037948
	0.630000	-0.036274
	0.640000	-0.034416
	0.650000	-0.032558
	0.660000	-0.030700
	0.670000	-0.028842
	0.680000	-0.026985
	0.690000	-0.025126
	0.700000	-0.023269
	0.710000	-0.021541
	0.720000	-0.020151
	0.730000	-0.018762
	0.740000	-0.017372
	0.750000	-0.015984
	0.760000	-0.014462
	0.770000	-0.012874
	0.780000	-0.011287
	0.790000	-0.009698
	0.800000	-0.008466
	0.810000	-0.007434
	0.820000	-0.006401
	0.830000	-0.005370
	0.840000	-0.004362
	0.850000	-0.003378
	0.860000	-0.002393
	0.870000	-0.001409
	0.880000	-0.000770
	0.890000	-0.000364
	0.900000	 0.000044
	0.910000	 0.000237
	0.920000	 0.000124
	0.930000	 0.000010
	0.940000	-0.000103
	0.950000	-0.000095
	0.960000	-0.000085
	0.970000	-0.000243
	0.980000	-0.000403
	0.990000	-0.000904
	1.000000	-0.001728