41     41

0      0
0.01   0.01486731
0.05   0.042296367
0.075  0.054936645
0.1    0.064937093
0.125  0.072855271
0.15   0.079149879
0.175  0.084191998
0.2    0.088275706
0.225  0.091628081
0.25   0.094418579
0.275  0.096767796
0.3    0.098755604
0.325  0.100428674
0.35   0.101807373
0.375  0.102892048
0.4    0.103668678
0.425  0.104113925
0.45   0.104199541
0.475  0.103896178
0.5    0.103176563
0.525  0.102018057
0.55   0.100404597
0.575  0.098328017
0.6    0.095788742
0.625  0.092795874
0.65   0.089366648
0.675  0.085525273
0.7    0.081301152
0.725  0.07672648
0.75   0.071833228
0.775  0.066649495
0.8    0.061195258
0.825  0.055477482
0.85   0.049484626
0.875  0.043180521
0.9    0.036497629
0.925  0.029329683
0.95   0.021523708
0.975  0.012871418
1      0.0031
0      0
0.01   -0.017061551
0.05   -0.034457332
0.075  -0.041906433
0.1    -0.047379402
0.125  -0.051319613
0.15   -0.05409044
0.175  -0.055984247
0.2    -0.057230918
0.225  -0.058005927
0.25   -0.058437939
0.275  -0.058615955
0.3    -0.058595984
0.325  -0.058407264
0.35   -0.058058008
0.375  -0.057540694
0.4    -0.05683689
0.425  -0.055921612
0.45   -0.054767228
0.475  -0.053346889
0.5    -0.0516375
0.525  -0.04962223
0.55   -0.047292558
0.575  -0.044649852
0.6    -0.04170649
0.625  -0.038486514
0.65   -0.035025823
0.675  -0.031371901
0.7    -0.027583084
0.725  -0.023727361
0.75   -0.019880713
0.775  -0.016124989
0.8    -0.012545318
0.825  -0.009227063
0.85   -0.006252298
0.875  -0.00369584
0.9    -0.001620802
0.925  -7.36925E-05
0.95   0.000920951
0.975  0.001366395
1      0.0013