41     41

0      0
0.01   0.019223454
0.05   0.053299622
0.075  0.068154483
0.1    0.079368927
0.125  0.08782358
0.15   0.094234185
0.175  0.09917067
0.2    0.103075162
0.225  0.106278964
0.25   0.109018481
0.275  0.111450102
0.3    0.11366403
0.325  0.115697071
0.35   0.117544376
0.375  0.119170134
0.4    0.120517222
0.425  0.121515804
0.45   0.122090888
0.475  0.122168833
0.5    0.121682813
0.525  0.120577232
0.55   0.118811093
0.575  0.116360323
0.6    0.113219046
0.625  0.109399816
0.65   0.104932797
0.675  0.099863906
0.7    0.094251898
0.725  0.088164413
0.75   0.081672974
0.775  0.074846936
0.8    0.067746394
0.825  0.060414039
0.85   0.052865974
0.875  0.045081472
0.9    0.036991703
0.925  0.028467403
0.95   0.019305501
0.975  0.009214697
1      -0.0022
0      0
0.01   -0.009555376
0.05   -0.026517326
0.075  -0.034397962
0.1    -0.040637899
0.125  -0.045543948
0.15   -0.049369552
0.175  -0.052321028
0.2    -0.054563462
0.225  -0.056226264
0.25   -0.057408374
0.275  -0.058183125
0.3    -0.058602764
0.325  -0.058702622
0.35   -0.058504946
0.375  -0.058022381
0.4    -0.057261114
0.425  -0.056223662
0.45   -0.054911328
0.475  -0.053326305
0.5    -0.051473438
0.525  -0.049361634
0.55   -0.047004945
0.575  -0.044423283
0.6    -0.04164281
0.625  -0.038695971
0.65   -0.035621192
0.675  -0.03246222
0.7    -0.029267136
0.725  -0.026087004
0.75   -0.022974194
0.775  -0.019980345
0.8    -0.01715399
0.825  -0.014537842
0.85   -0.012165722
0.875  -0.010059152
0.9    -0.008223603
0.925  -0.006644394
0.95   -0.00528225
0.975  -0.00406851
1      -0.0029
