41     41

0      0
0.01   0.013195814
0.05   0.037364567
0.075  0.048620057
0.1    0.057594628
0.125  0.064747274
0.15   0.070454896
0.175  0.075022324
0.2    0.078691731
0.225  0.08165144
0.25   0.084044116
0.275  0.085974362
0.3    0.087515691
0.325  0.088716901
0.35   0.089607839
0.375  0.090204553
0.4    0.090513837
0.425  0.090537171
0.45   0.090274049
0.475  0.089724697
0.5    0.088892188
0.525  0.087783942
0.55   0.086412626
0.575  0.084796433
0.6    0.082958765
0.625  0.080927301
0.65   0.078732457
0.675  0.076405239
0.7    0.073974487
0.725  0.071463509
0.75   0.068886108
0.775  0.066242004
0.8    0.063511635
0.825  0.060650369
0.85   0.057582088
0.875  0.054192178
0.9    0.0503199
0.925  0.045750162
0.95   0.040204674
0.975  0.033332501
1      0.0247
0      0
0.01   -0.01926765
0.05   -0.033403279
0.075  -0.038661936
0.1    -0.042000136
0.125  -0.043963992
0.15   -0.044988393
0.175  -0.045410193
0.2    -0.045480698
0.225  -0.045377466
0.25   -0.045215405
0.275  -0.04505717
0.3    -0.044922871
0.325  -0.04479908
0.35   -0.044647141
0.375  -0.044410785
0.4    -0.044023046
0.425  -0.043412485
0.45   -0.042508708
0.475  -0.041247197
0.5    -0.039573437
0.525  -0.037446354
0.55   -0.034841044
0.575  -0.031750821
0.6    -0.02818855
0.625  -0.024187304
0.65   -0.019800304
0.675  -0.015100174
0.7    -0.010177499
0.725  -0.005138681
0.75   -0.000103101
0.775  0.004800416
0.8    0.00943783
0.825  0.01367482
0.85   0.017382404
0.875  0.020443265
0.9    0.022758768
0.925  0.024256677
0.95   0.024899567
0.975  0.024693933
1      0.0237
