%
% 08-10-2017
%
   31              31           
% Upper surface
   0.0000000e+00   0.0000000e+00
   2.7400000e-03   7.2300000e-03
   1.0930000e-02   1.6790000e-02
   2.4470000e-02   2.6920000e-02
   4.3230000e-02   3.6900000e-02
   6.6990000e-02   4.6550000e-02
   9.5490000e-02   5.5550000e-02
   1.2843000e-01   6.3330000e-02
   1.6543000e-01   6.9210000e-02
   2.0611000e-01   7.2910000e-02
   2.5000000e-01   7.4470000e-02
   2.9663000e-01   7.3600000e-02
   3.4549000e-01   7.0740000e-02
   3.9604000e-01   6.6360000e-02
   4.4774000e-01   6.0910000e-02
   5.0000000e-01   5.4750000e-02
   5.5226000e-01   4.8190000e-02
   6.0396000e-01   4.1520000e-02
   6.5451000e-01   3.5040000e-02
   7.0337000e-01   2.8960000e-02
   7.5000000e-01   2.3390000e-02
   7.9389000e-01   1.8450000e-02
   8.3457000e-01   1.4250000e-02
   8.7157000e-01   1.0780000e-02
   9.0451000e-01   7.9300000e-03
   9.3301000e-01   5.7100000e-03
   9.5677000e-01   4.0700000e-03
   9.7553000e-01   2.9100000e-03
   9.8907000e-01   2.1200000e-03
   9.9726000e-01   1.6700000e-03
   1.0000000e+00   1.5200000e-03
% Lower Surface
   0.0000000e+00   0.0000000e+00
   2.7400000e-03  -4.9500000e-03
   1.0930000e-02  -8.3100000e-03
   2.4470000e-02  -1.1130000e-02
   4.3230000e-02  -1.3620000e-02
   6.6990000e-02  -1.5710000e-02
   9.5490000e-02  -1.7510000e-02
   1.2843000e-01  -1.9160000e-02
   1.6543000e-01  -2.0770000e-02
   2.0611000e-01  -2.2360000e-02
   2.5000000e-01  -2.3940000e-02
   2.9663000e-01  -2.5390000e-02
   3.4549000e-01  -2.6560000e-02
   3.9604000e-01  -2.7440000e-02
   4.4774000e-01  -2.8010000e-02
   5.0000000e-01  -2.8250000e-02
   5.5226000e-01  -2.8110000e-02
   6.0396000e-01  -2.7560000e-02
   6.5451000e-01  -2.6590000e-02
   7.0337000e-01  -2.5020000e-02
   7.5000000e-01  -2.2730000e-02
   7.9389000e-01  -2.0130000e-02
   8.3457000e-01  -1.7550000e-02
   8.7157000e-01  -1.4970000e-02
   9.0451000e-01  -1.2250000e-02
   9.3301000e-01  -9.4700000e-03
   9.5677000e-01  -6.8800000e-03
   9.7553000e-01  -4.6600000e-03
   9.8907000e-01  -2.9600000e-03
   9.9726000e-01  -1.8900000e-03
   1.0000000e+00  -1.5200000e-03
