PAERO1         1
$Aerodynamic Box eta division
AEFACT         1  0.0000  0.2000  0.4000  0.6000  0.8000  1.0000
$Aerodynamic Box xsi division
AEFACT         2  0.0000  0.0714  0.1429  0.2143  0.2857  0.3571  0.4286
          0.5000  0.5714  0.6429  0.7143  0.7857  0.8571  0.9286  1.0000
$Aerodynamic Box
CAERO1         1       1       0                       1       2       1
         12.7000  0.0000 -1.0000  3.0000 12.7000  1.9750 -1.0000  3.0000
$Aerodynamic Box eta division
AEFACT         3  0.0000  0.1250  0.2500  0.3750  0.5000  0.6250  0.7500
          0.8750  1.0000
$Aerodynamic Box xsi division
AEFACT         4  0.0000  0.0714  0.1429  0.2143  0.2857  0.3571  0.4286
          0.5000  0.5714  0.6429  0.7143  0.7857  0.8571  0.9286  1.0000
$Aerodynamic Box
CAERO1         2       1       0                       3       4       1
         12.7000  1.9750 -1.0000  3.0000 14.7698  5.1502 -0.7222  2.0400
$Aerodynamic Box eta division
AEFACT         5  0.0000  0.0435  0.0870  0.1304  0.1739  0.2174  0.2609
          0.3043  0.3478  0.3913  0.4348  0.4783  0.5217  0.5652  0.6087
          0.6522  0.6957  0.7391  0.7826  0.8261  0.8696  0.9130  0.9565
          1.0000
$Aerodynamic Box xsi division
AEFACT         6  0.0000  0.0714  0.1429  0.2143  0.2857  0.3571  0.4286
          0.5000  0.5714  0.6429  0.7143  0.7857  0.8571  0.9286  1.0000
$Aerodynamic Box
CAERO1         3       1       0                       5       6       1
         14.7698  5.1502 -0.7222  2.0400 20.6297 14.1063  0.3775  1.5504
$Aerodynamic Box eta division
AEFACT         7  0.0000  0.5000  1.0000
$Aerodynamic Box xsi division
AEFACT         8  0.0000  0.0714  0.1429  0.2143  0.2857  0.3571  0.4286
          0.5000  0.5714  0.6429  0.7143  0.7857  0.8571  0.9286  1.0000
$Aerodynamic Box
CAERO1         4       1       0                       7       8       1
         20.6297 14.1063  0.3775  1.5504 21.1681 14.7414  0.9104  1.5504
$Aerodynamic Box eta division
AEFACT         9  0.0000  0.5000  1.0000
$Aerodynamic Box xsi division
AEFACT        10  0.0000  0.0714  0.1429  0.2143  0.2857  0.3571  0.4286
          0.5000  0.5714  0.6429  0.7143  0.7857  0.8571  0.9286  1.0000
$Aerodynamic Box
CAERO1         5       1       0                       9      10       1
         21.1681 14.7414  0.9104  1.5504 21.7094 15.0265  1.6936  1.5504
$Aerodynamic Box eta division
AEFACT        11  0.0000  0.3333  0.6667  1.0000
$Aerodynamic Box xsi division
AEFACT        12  0.0000  0.0714  0.1429  0.2143  0.2857  0.3571  0.4286
          0.5000  0.5714  0.6429  0.7143  0.7857  0.8571  0.9286  1.0000
$Aerodynamic Box
CAERO1         6       1       0                      11      12       1
         21.7094 15.0265  1.6936  1.5504 22.4176 15.0265  2.7841  1.5504
$Aerodynamic Box eta division
AEFACT        13  0.0000  0.5000  1.0000
$Aerodynamic Box xsi division
AEFACT        14  0.0000  0.0714  0.1429  0.2143  0.2857  0.3571  0.4286
          0.5000  0.5714  0.6429  0.7143  0.7857  0.8571  0.9286  1.0000
$Aerodynamic Box
CAERO1         7       1       0                      13      14       1
         22.4176 15.0265  2.7841  1.5504 22.9588 14.7414  3.5673  1.5504
$Aerodynamic Box eta division
AEFACT        15  0.0000  0.5000  1.0000
$Aerodynamic Box xsi division
AEFACT        16  0.0000  0.0714  0.1429  0.2143  0.2857  0.3571  0.4286
          0.5000  0.5714  0.6429  0.7143  0.7857  0.8571  0.9286  1.0000
$Aerodynamic Box
CAERO1         8       1       0                      15      16       1
         22.9588 14.7414  3.5673  1.5504 23.4972 14.1063  4.1002  1.5504
$Aerodynamic Box eta division
AEFACT        17  0.0000  0.0385  0.0769  0.1154  0.1538  0.1923  0.2308
          0.2692  0.3077  0.3462  0.3846  0.4231  0.4615  0.5000  0.5385
          0.5769  0.6154  0.6538  0.6923  0.7308  0.7692  0.8077  0.8462
          0.8846  0.9231  0.9615  1.0000
$Aerodynamic Box xsi division
AEFACT        18  0.0000  0.0714  0.1429  0.2143  0.2857  0.3571  0.4286
          0.5000  0.5714  0.6429  0.7143  0.7857  0.8571  0.9286  1.0000
$Aerodynamic Box
CAERO1         9       1       0                      17      18       1
         23.4972 14.1063  4.1002  1.5504 30.2507  3.7844  5.3676  2.3256
$Aerodynamic Box eta division
AEFACT        19  0.0000  0.1111  0.2222  0.3333  0.4444  0.5556  0.6667
          0.7778  0.8889  1.0000
$Aerodynamic Box xsi division
AEFACT        20  0.0000  0.0714  0.1429  0.2143  0.2857  0.3571  0.4286
          0.5000  0.5714  0.6429  0.7143  0.7857  0.8571  0.9286  1.0000
$Aerodynamic Box
CAERO1        10       1       0                      19      20       1
         30.2507  3.7844  5.3676  2.3256 30.8503 -0.0006  5.4336  3.3489
