MAT1           17.1e+010          0.3300       0
GRID           1       0 13.9000  0.0000 -1.0000       0
GRID           2       0 13.9000  0.4938 -1.0000       0
GRID           3       0 13.9000  0.9875 -1.0000       0
GRID           4       0 13.9000  1.4813 -1.0000       0
GRID           5       0 13.9000  1.9750 -1.0000       0
GRID           6       0 14.1408  2.4286 -0.9603       0
GRID           7       0 14.3817  2.8822 -0.9206       0
GRID           8       0 14.6225  3.3358 -0.8809       0
GRID           9       0 14.8633  3.7894 -0.8413       0
GRID          10       0 15.1042  4.2430 -0.8016       0
GRID          11       0 15.3450  4.6966 -0.7619       0
GRID          12       0 15.5858  5.1502 -0.7222       0
GRID          13       0 15.8556  5.5766 -0.6698       0
GRID          14       0 16.1253  6.0031 -0.6175       0
GRID          15       0 16.3950  6.4296 -0.5651       0
GRID          16       0 16.6647  6.8561 -0.5127       0
GRID          17       0 16.9344  7.2826 -0.4604       0
GRID          18       0 17.2041  7.7091 -0.4080       0
GRID          19       0 17.4739  8.1355 -0.3557       0
GRID          20       0 17.7436  8.5620 -0.3033       0
GRID          21       0 18.0133  8.9885 -0.2509       0
GRID          22       0 18.2830  9.4150 -0.1986       0
GRID          23       0 18.5527  9.8415 -0.1462       0
GRID          24       0 18.8224 10.2680 -0.0938       0
GRID          25       0 19.0922 10.6944 -0.0415       0
GRID          26       0 19.3619 11.1209  0.0109       0
GRID          27       0 19.6316 11.5474  0.0633       0
GRID          28       0 19.9013 11.9739  0.1156       0
GRID          29       0 20.1710 12.4004  0.1680       0
GRID          30       0 20.4407 12.8269  0.2204       0
GRID          31       0 20.7105 13.2534  0.2727       0
GRID          32       0 20.9802 13.6798  0.3251       0
GRID          33       0 21.2499 14.1063  0.3775       0
GRID          34       0 21.5191 14.4239  0.6439       0
GRID          35       0 21.7883 14.7414  0.9104       0
GRID          36       0 22.0589 14.8840  1.3020       0
GRID          37       0 22.3295 15.0265  1.6936       0
GRID          38       0 22.5656 15.0265  2.0571       0
GRID          39       0 22.8017 15.0265  2.4206       0
GRID          40       0 23.0377 15.0265  2.7841       0
GRID          41       0 23.3084 14.8840  3.1757       0
GRID          42       0 23.5790 14.7414  3.5673       0
GRID          43       0 23.8482 14.4239  3.8337       0
GRID          44       0 24.1174 14.1063  4.1002       0
GRID          45       0 24.3999 13.6934  4.1509       0
GRID          46       0 24.6825 13.2806  4.2016       0
GRID          47       0 24.9650 12.8677  4.2523       0
GRID          48       0 25.2476 12.4548  4.3030       0
GRID          49       0 25.5301 12.0419  4.3537       0
GRID          50       0 25.8127 11.6291  4.4044       0
GRID          51       0 26.0952 11.2162  4.4551       0
GRID          52       0 26.3777 10.8033  4.5058       0
GRID          53       0 26.6603 10.3904  4.5565       0
GRID          54       0 26.9428  9.9776  4.6072       0
GRID          55       0 27.2254  9.5647  4.6578       0
GRID          56       0 27.5079  9.1518  4.7085       0
GRID          57       0 27.7904  8.7389  4.7592       0
GRID          58       0 28.0730  8.3260  4.8099       0
GRID          59       0 28.3555  7.9132  4.8606       0
GRID          60       0 28.6381  7.5003  4.9113       0
GRID          61       0 28.9206  7.0874  4.9620       0
GRID          62       0 29.2032  6.6745  5.0127       0
GRID          63       0 29.4857  6.2617  5.0634       0
GRID          64       0 29.7682  5.8488  5.1141       0
GRID          65       0 30.0508  5.4359  5.1648       0
GRID          66       0 30.3333  5.0230  5.2155       0
GRID          67       0 30.6159  4.6102  5.2662       0
GRID          68       0 30.8984  4.1973  5.3169       0
GRID          69       0 31.1809  3.7844  5.3676       0
GRID          70       0 31.3071  3.3113  5.3758       0
GRID          71       0 31.4332  2.8381  5.3841       0
GRID          72       0 31.5593  2.3650  5.3924       0
GRID          73       0 31.6854  1.8919  5.4006       0
GRID          74       0 31.8115  1.4188  5.4089       0
GRID          75       0 31.9376  0.9456  5.4171       0
GRID          76       0 32.0637  0.4725  5.4254       0
GRID          77       0 32.1899 -0.0006  5.4336       0
$Aerodynamic Box xsi division
SET1          21  1.0000  2.0000  3.0000  4.0000  5.0000  6.0000  7.0000
          8.0000  9.0000 10.0000 11.0000 12.0000 13.0000 14.0000 15.0000
         16.0000 17.0000 18.0000 19.0000 20.0000 21.0000 22.0000 23.0000
         24.0000 25.0000 26.0000 27.0000 28.0000 29.0000 30.0000 31.0000
         32.0000 33.0000 34.0000 35.0000 36.0000 37.0000 38.0000 39.0000
         40.0000 41.0000 42.0000 43.0000 44.0000 45.0000 46.0000 47.0000
         48.0000 49.0000 50.0000 51.0000 52.0000 53.0000 54.0000 55.0000
         56.0000 57.0000 58.0000 59.0000 60.0000 61.0000 62.0000 63.0000
         64.0000 65.0000 66.0000 67.0000 68.0000 69.0000 70.0000 71.0000
         72.0000 73.0000 74.0000 75.0000 76.0000 77.0000
PBEAM*                 1               1        0.005984      0.00011521
*              0.0010008          0.0000       0.0005580          0.0000
*                 0.1500          0.6000         -0.1500          0.6000
*                -0.1500         -0.6000          0.1500         -0.6000
*                    YES           1.000        0.005984      0.00011521
*              0.0010008          0.0000       0.0005580          0.0000
*                 0.1500          0.6000         -0.1500          0.6000
*                -0.1500         -0.6000          0.1500         -0.6000
CBEAM         11       1       1       2  0.0000  0.0000 -1.0000
PBEAM*                 2               1        0.005984      0.00011521
*              0.0010008          0.0000       0.0005580          0.0000
*                 0.1500          0.6000         -0.1500          0.6000
*                -0.1500         -0.6000          0.1500         -0.6000
*                    YES           1.000        0.005984      0.00011521
*              0.0010008          0.0000       0.0005580          0.0000
*                 0.1500          0.6000         -0.1500          0.6000
*                -0.1500         -0.6000          0.1500         -0.6000
CBEAM         12       2       2       3  0.0000  0.0000 -1.0000
PBEAM*                 3               1        0.005984      0.00011521
*              0.0010008          0.0000       0.0005580          0.0000
*                 0.1500          0.6000         -0.1500          0.6000
*                -0.1500         -0.6000          0.1500         -0.6000
*                    YES           1.000        0.005984      0.00011521
*              0.0010008          0.0000       0.0005580          0.0000
*                 0.1500          0.6000         -0.1500          0.6000
*                -0.1500         -0.6000          0.1500         -0.6000
CBEAM         13       3       3       4  0.0000  0.0000 -1.0000
PBEAM*                 4               1        0.005984      0.00011521
*              0.0010008          0.0000       0.0005580          0.0000
*                 0.1500          0.6000         -0.1500          0.6000
*                -0.1500         -0.6000          0.1500         -0.6000
*                    YES           1.000        0.005967      0.00011422
*             0.00099226          0.0000       0.0005532          0.0000
*                 0.1496          0.5983         -0.1496          0.5983
*                -0.1496         -0.5983          0.1496         -0.5983
CBEAM         14       4       4       5  0.0000  0.0000 -1.0000
PBEAM*                 5               1        0.005967      0.00011422
*             0.00099226          0.0000       0.0005532          0.0000
*                 0.1496          0.5983         -0.1496          0.5983
*                -0.1496         -0.5983          0.1496         -0.5983
*                    YES           1.000        0.005048     6.9088E-005
*             0.00060108          0.0000       0.0003351          0.0000
*                 0.1266          0.5064         -0.1266          0.5064
*                -0.1266         -0.5064          0.1266         -0.5064
CBEAM         15       5       5       6  0.0205  0.0763 -0.9969
PBEAM*                 6               1        0.005048     6.9088E-005
*             0.00060108          0.0000       0.0003351          0.0000
*                 0.1266          0.5064         -0.1266          0.5064
*                -0.1266         -0.5064          0.1266         -0.5064
*                    YES           1.000        0.004806     5.9573E-005
*             0.00051855          0.0000       0.0002891          0.0000
*                 0.1205          0.4822         -0.1205          0.4822
*                -0.1205         -0.4822          0.1205         -0.4822
CBEAM         16       6       6       7  0.0000  0.0872 -0.9962
PBEAM*                 7               1        0.004806     5.9573E-005
*             0.00051855          0.0000       0.0002891          0.0000
*                 0.1205          0.4822         -0.1205          0.4822
*                -0.1205         -0.4822          0.1205         -0.4822
*                    YES           1.000        0.004563     5.0973E-005
*             0.00044394          0.0000       0.0002475          0.0000
*                 0.1145          0.4579         -0.1145          0.4579
*                -0.1145         -0.4579          0.1145         -0.4579
CBEAM         17       7       7       8 -0.0000  0.0872 -0.9962
PBEAM*                 8               1        0.004563     5.0973E-005
*             0.00044394          0.0000       0.0002475          0.0000
*                 0.1145          0.4579         -0.1145          0.4579
*                -0.1145         -0.4579          0.1145         -0.4579
*                    YES           1.000        0.004321     4.3244E-005
*             0.00037685          0.0000       0.0002100          0.0000
*                 0.1084          0.4337         -0.1084          0.4337
*                -0.1084         -0.4337          0.1084         -0.4337
CBEAM         18       8       8       9  0.0000  0.0872 -0.9962
PBEAM*                 9               1        0.004321     4.3244E-005
*             0.00037685          0.0000       0.0002100          0.0000
*                 0.1084          0.4337         -0.1084          0.4337
*                -0.1084         -0.4337          0.1084         -0.4337
*                    YES           1.000        0.004078     3.6339E-005
*             0.00031689          0.0000       0.0001766          0.0000
*                 0.1024          0.4094         -0.1024          0.4094
*                -0.1024         -0.4094          0.1024         -0.4094
CBEAM         19       9       9      10 -0.0000  0.0872 -0.9962
PBEAM*                10               1        0.004078     3.6339E-005
*             0.00031689          0.0000       0.0001766          0.0000
*                 0.1024          0.4094         -0.1024          0.4094
*                -0.1024         -0.4094          0.1024         -0.4094
*                    YES           1.000        0.003835     3.0211E-005
*             0.00026365          0.0000       0.0001469          0.0000
*                0.09629          0.3851        -0.09629          0.3851
*               -0.09629         -0.3851         0.09629         -0.3851
CBEAM         20      10      10      11  0.0000  0.0872 -0.9962
PBEAM*                11               1        0.003835     3.0211E-005
*             0.00026365          0.0000       0.0001469          0.0000
*                0.09629          0.3851        -0.09629          0.3851
*               -0.09629         -0.3851         0.09629         -0.3851
*                    YES           1.000        0.003564     2.4227E-005
*             0.00021164          0.0000       0.0001179          0.0000
*                0.08951          0.3580        -0.08951          0.3580
*               -0.08951         -0.3580         0.08951         -0.3580
CBEAM         21      11      11      12  0.0000  0.0872 -0.9962
PBEAM*                12               1        0.003564     2.4227E-005
*             0.00021164          0.0000       0.0001179          0.0000
*                0.08951          0.3580        -0.08951          0.3580
*               -0.08951         -0.3580         0.08951         -0.3580
*                    YES           1.000        0.003400     2.1019E-005
*             0.00018373          0.0000       0.0001024          0.0000
*                0.08541          0.3416        -0.08541          0.3416
*               -0.08541         -0.3416         0.08541         -0.3416
CBEAM         22      12      12      13  0.0082  0.1168 -0.9931
PBEAM*                13               1        0.003400     2.1019E-005
*             0.00018373          0.0000       0.0001024          0.0000
*                0.08541          0.3416        -0.08541          0.3416
*               -0.08541         -0.3416         0.08541         -0.3416
*                    YES           1.000        0.003361     2.0292E-005
*             0.00017741          0.0000      9.885E-005          0.0000
*                0.08442          0.3377        -0.08442          0.3377
*               -0.08442         -0.3377         0.08442         -0.3377
CBEAM         23      13      13      14  0.0000  0.1219 -0.9925
PBEAM*                14               1        0.003361     2.0292E-005
*             0.00017741          0.0000      9.885E-005          0.0000
*                0.08442          0.3377        -0.08442          0.3377
*               -0.08442         -0.3377         0.08442         -0.3377
*                    YES           1.000        0.003321     1.9581E-005
*             0.00017123          0.0000      9.541E-005          0.0000
*                0.08343          0.3337        -0.08343          0.3337
*               -0.08343         -0.3337         0.08343         -0.3337
CBEAM         24      14      14      15  0.0000  0.1219 -0.9925
PBEAM*                15               1        0.003321     1.9581E-005
*             0.00017123          0.0000      9.541E-005          0.0000
*                0.08343          0.3337        -0.08343          0.3337
*               -0.08343         -0.3337         0.08343         -0.3337
*                    YES           1.000        0.003282     1.8888E-005
*             0.00016520          0.0000      9.204E-005          0.0000
*                0.08244          0.3298        -0.08244          0.3298
*               -0.08244         -0.3298         0.08244         -0.3298
CBEAM         25      15      15      16 -0.0000  0.1219 -0.9925
PBEAM*                16               1        0.003282     1.8888E-005
*             0.00016520          0.0000      9.204E-005          0.0000
*                0.08244          0.3298        -0.08244          0.3298
*               -0.08244         -0.3298         0.08244         -0.3298
*                    YES           1.000        0.003242     1.8211E-005
*             0.00015931          0.0000      8.876E-005          0.0000
*                0.08146          0.3258        -0.08146          0.3258
*               -0.08146         -0.3258         0.08146         -0.3258
CBEAM         26      16      16      17 -0.0000  0.1219 -0.9925
PBEAM*                17               1        0.003242     1.8211E-005
*             0.00015931          0.0000      8.876E-005          0.0000
*                0.08146          0.3258        -0.08146          0.3258
*               -0.08146         -0.3258         0.08146         -0.3258
*                    YES           1.000        0.003203     1.7551E-005
*             0.00015356          0.0000      8.556E-005          0.0000
*                0.08047          0.3219        -0.08047          0.3219
*               -0.08047         -0.3219         0.08047         -0.3219
CBEAM         27      17      17      18  0.0000  0.1219 -0.9925
PBEAM*                18               1        0.003203     1.7551E-005
*             0.00015356          0.0000      8.556E-005          0.0000
*                0.08047          0.3219        -0.08047          0.3219
*               -0.08047         -0.3219         0.08047         -0.3219
*                    YES           1.000        0.003163     1.6907E-005
*             0.00014795          0.0000      8.243E-005          0.0000
*                0.07948          0.3179        -0.07948          0.3179
*               -0.07948         -0.3179         0.07948         -0.3179
CBEAM         28      18      18      19  0.0000  0.1219 -0.9925
PBEAM*                19               1        0.003163     1.6907E-005
*             0.00014795          0.0000      8.243E-005          0.0000
*                0.07948          0.3179        -0.07948          0.3179
*               -0.07948         -0.3179         0.07948         -0.3179
*                    YES           1.000        0.003124     1.6279E-005
*             0.00014248          0.0000      7.938E-005          0.0000
*                0.07849          0.3140        -0.07849          0.3140
*               -0.07849         -0.3140         0.07849         -0.3140
CBEAM         29      19      19      20  0.0000  0.1219 -0.9925
PBEAM*                20               1        0.003124     1.6279E-005
*             0.00014248          0.0000      7.938E-005          0.0000
*                0.07849          0.3140        -0.07849          0.3140
*               -0.07849         -0.3140         0.07849         -0.3140
*                    YES           1.000        0.003084     1.5666E-005
*             0.00013715          0.0000      7.641E-005          0.0000
*                0.07751          0.3100        -0.07751          0.3100
*               -0.07751         -0.3100         0.07751         -0.3100
CBEAM         30      20      20      21  0.0000  0.1219 -0.9925
PBEAM*                21               1        0.003084     1.5666E-005
*             0.00013715          0.0000      7.641E-005          0.0000
*                0.07751          0.3100        -0.07751          0.3100
*               -0.07751         -0.3100         0.07751         -0.3100
*                    YES           1.000        0.003045     1.5069E-005
*             0.00013195          0.0000      7.351E-005          0.0000
*                0.07652          0.3061        -0.07652          0.3061
*               -0.07652         -0.3061         0.07652         -0.3061
CBEAM         31      21      21      22  0.0000  0.1219 -0.9925
PBEAM*                22               1        0.003045     1.5069E-005
*             0.00013195          0.0000      7.351E-005          0.0000
*                0.07652          0.3061        -0.07652          0.3061
*               -0.07652         -0.3061         0.07652         -0.3061
*                    YES           1.000        0.003005     1.4488E-005
*             0.00012688          0.0000      7.069E-005          0.0000
*                0.07553          0.3021        -0.07553          0.3021
*               -0.07553         -0.3021         0.07553         -0.3021
CBEAM         32      22      22      23  0.0000  0.1219 -0.9925
PBEAM*                23               1        0.003005     1.4488E-005
*             0.00012688          0.0000      7.069E-005          0.0000
*                0.07553          0.3021        -0.07553          0.3021
*               -0.07553         -0.3021         0.07553         -0.3021
*                    YES           1.000        0.002966     1.3921E-005
*             0.00012195          0.0000      6.794E-005          0.0000
*                0.07454          0.2982        -0.07454          0.2982
*               -0.07454         -0.2982         0.07454         -0.2982
CBEAM         33      23      23      24  0.0000  0.1219 -0.9925
PBEAM*                24               1        0.002966     1.3921E-005
*             0.00012195          0.0000      6.794E-005          0.0000
*                0.07454          0.2982        -0.07454          0.2982
*               -0.07454         -0.2982         0.07454         -0.2982
*                    YES           1.000        0.002926     1.3370E-005
*             0.00011715          0.0000      6.526E-005          0.0000
*                0.07356          0.2942        -0.07356          0.2942
*               -0.07356         -0.2942         0.07356         -0.2942
CBEAM         34      24      24      25 -0.0000  0.1219 -0.9925
PBEAM*                25               1        0.002926     1.3370E-005
*             0.00011715          0.0000      6.526E-005          0.0000
*                0.07356          0.2942        -0.07356          0.2942
*               -0.07356         -0.2942         0.07356         -0.2942
*                    YES           1.000        0.002887     1.2833E-005
*             0.00011247          0.0000      6.265E-005          0.0000
*                0.07257          0.2903        -0.07257          0.2903
*               -0.07257         -0.2903         0.07257         -0.2903
CBEAM         35      25      25      26  0.0000  0.1219 -0.9925
PBEAM*                26               1        0.002887     1.2833E-005
*             0.00011247          0.0000      6.265E-005          0.0000
*                0.07257          0.2903        -0.07257          0.2903
*               -0.07257         -0.2903         0.07257         -0.2903
*                    YES           1.000        0.002847     1.2311E-005
*             0.00010792          0.0000      6.012E-005          0.0000
*                0.07158          0.2863        -0.07158          0.2863
*               -0.07158         -0.2863         0.07158         -0.2863
CBEAM         36      26      26      27 -0.0000  0.1219 -0.9925
PBEAM*                27               1        0.002847     1.2311E-005
*             0.00010792          0.0000      6.012E-005          0.0000
*                0.07158          0.2863        -0.07158          0.2863
*               -0.07158         -0.2863         0.07158         -0.2863
*                    YES           1.000        0.002808     1.1803E-005
*             0.00010349          0.0000      5.765E-005          0.0000
*                0.07060          0.2824        -0.07060          0.2824
*               -0.07060         -0.2824         0.07060         -0.2824
CBEAM         37      27      27      28  0.0000  0.1219 -0.9925
PBEAM*                28               1        0.002808     1.1803E-005
*             0.00010349          0.0000      5.765E-005          0.0000
*                0.07060          0.2824        -0.07060          0.2824
*               -0.07060         -0.2824         0.07060         -0.2824
*                    YES           1.000        0.002768     1.1310E-005
*            9.9190E-005          0.0000      5.525E-005          0.0000
*                0.06961          0.2784        -0.06961          0.2784
*               -0.06961         -0.2784         0.06961         -0.2784
CBEAM         38      28      28      29  0.0000  0.1219 -0.9925
PBEAM*                29               1        0.002768     1.1310E-005
*            9.9190E-005          0.0000      5.525E-005          0.0000
*                0.06961          0.2784        -0.06961          0.2784
*               -0.06961         -0.2784         0.06961         -0.2784
*                    YES           1.000        0.002729     1.0830E-005
*            9.5007E-005          0.0000      5.292E-005          0.0000
*                0.06862          0.2745        -0.06862          0.2745
*               -0.06862         -0.2745         0.06862         -0.2745
CBEAM         39      29      29      30  0.0000  0.1219 -0.9925
PBEAM*                30               1        0.002729     1.0830E-005
*            9.5007E-005          0.0000      5.292E-005          0.0000
*                0.06862          0.2745        -0.06862          0.2745
*               -0.06862         -0.2745         0.06862         -0.2745
*                    YES           1.000        0.002689     1.0364E-005
*            9.0944E-005          0.0000      5.065E-005          0.0000
*                0.06763          0.2705        -0.06763          0.2705
*               -0.06763         -0.2705         0.06763         -0.2705
CBEAM         40      30      30      31 -0.0000  0.1219 -0.9925
PBEAM*                31               1        0.002689     1.0364E-005
*            9.0944E-005          0.0000      5.065E-005          0.0000
*                0.06763          0.2705        -0.06763          0.2705
*               -0.06763         -0.2705         0.06763         -0.2705
*                    YES           1.000        0.002650     9.9116E-006
*            8.6999E-005          0.0000      4.846E-005          0.0000
*                0.06665          0.2666        -0.06665          0.2666
*               -0.06665         -0.2666         0.06665         -0.2666
CBEAM         41      31      31      32  0.0000  0.1219 -0.9925
PBEAM*                32               1        0.002650     9.9116E-006
*            8.6999E-005          0.0000      4.846E-005          0.0000
*                0.06665          0.2666        -0.06665          0.2666
*               -0.06665         -0.2666         0.06665         -0.2666
*                    YES           1.000        0.002573     9.0743E-006
*            7.9693E-005          0.0000      4.438E-005          0.0000
*                0.06474          0.2589        -0.06474          0.2589
*               -0.06474         -0.2589         0.06474         -0.2589
CBEAM         42      32      32      33  0.0000  0.1219 -0.9925
PBEAM*                33               1        0.002573     9.0743E-006
*            7.9693E-005          0.0000      4.438E-005          0.0000
*                0.06474          0.2589        -0.06474          0.2589
*               -0.06474         -0.2589         0.06474         -0.2589
*                    YES           1.000        0.002585     9.1931E-006
*            8.0730E-005          0.0000      4.496E-005          0.0000
*                0.06501          0.2601        -0.06501          0.2601
*               -0.06501         -0.2601         0.06501         -0.2601
CBEAM         43      33      33      34  0.1433  0.5620 -0.8146
PBEAM*                34               1        0.002585     9.1931E-006
*            8.0730E-005          0.0000      4.496E-005          0.0000
*                0.06501          0.2601        -0.06501          0.2601
*               -0.06501         -0.2601         0.06501         -0.2601
*                    YES           1.000        0.002557     8.9044E-006
*            7.8211E-005          0.0000      4.356E-005          0.0000
*                0.06433          0.2573        -0.06433          0.2573
*               -0.06433         -0.2573         0.06433         -0.2573
CBEAM         44      34      34      35  0.0000  0.6428 -0.7660
PBEAM*                35               1        0.002557     8.9044E-006
*            7.8211E-005          0.0000      4.356E-005          0.0000
*                0.06433          0.2573        -0.06433          0.2573
*               -0.06433         -0.2573         0.06433         -0.2573
*                    YES           1.000        0.002585     9.1931E-006
*            8.0730E-005          0.0000      4.496E-005          0.0000
*                0.06501          0.2601        -0.06501          0.2601
*               -0.06501         -0.2601         0.06501         -0.2601
CBEAM         45      35      35      36  0.1274  0.9005 -0.4158
PBEAM*                36               1        0.002585     9.1931E-006
*            8.0730E-005          0.0000      4.496E-005          0.0000
*                0.06501          0.2601        -0.06501          0.2601
*               -0.06501         -0.2601         0.06501         -0.2601
*                    YES           1.000        0.002573     9.0659E-006
*            7.9620E-005          0.0000      4.434E-005          0.0000
*                0.06472          0.2589        -0.06472          0.2589
*               -0.06472         -0.2589         0.06472         -0.2589
CBEAM         46      36      36      37 -0.0000  0.9397 -0.3420
PBEAM*                37               1        0.002573     9.0659E-006
*            7.9620E-005          0.0000      4.434E-005          0.0000
*                0.06472          0.2589        -0.06472          0.2589
*               -0.06472         -0.2589         0.06472         -0.2589
*                    YES           1.000        0.002585     9.1931E-006
*            8.0730E-005          0.0000      4.496E-005          0.0000
*                0.06501          0.2601        -0.06501          0.2601
*               -0.06501         -0.2601         0.06501         -0.2601
CBEAM         47      37      37      38  0.0819  0.9952 -0.0532
PBEAM*                38               1        0.002585     9.1931E-006
*            8.0730E-005          0.0000      4.496E-005          0.0000
*                0.06501          0.2601        -0.06501          0.2601
*               -0.06501         -0.2601         0.06501         -0.2601
*                    YES           1.000        0.002585     9.1931E-006
*            8.0730E-005          0.0000      4.496E-005          0.0000
*                0.06501          0.2601        -0.06501          0.2601
*               -0.06501         -0.2601         0.06501         -0.2601
CBEAM         48      38      38      39 -0.0000  1.0000  0.0000
PBEAM*                39               1        0.002585     9.1931E-006
*            8.0730E-005          0.0000      4.496E-005          0.0000
*                0.06501          0.2601        -0.06501          0.2601
*               -0.06501         -0.2601         0.06501         -0.2601
*                    YES           1.000        0.002573     9.0659E-006
*            7.9620E-005          0.0000      4.434E-005          0.0000
*                0.06472          0.2589        -0.06472          0.2589
*               -0.06472         -0.2589         0.06472         -0.2589
CBEAM         49      39      39      40 -0.0000  1.0000  0.0000
PBEAM*                40               1        0.002573     9.0659E-006
*            7.9620E-005          0.0000      4.434E-005          0.0000
*                0.06472          0.2589        -0.06472          0.2589
*               -0.06472         -0.2589         0.06472         -0.2589
*                    YES           1.000        0.002585     9.1931E-006
*            8.0730E-005          0.0000      4.496E-005          0.0000
*                0.06501          0.2601        -0.06501          0.2601
*               -0.06501         -0.2601         0.06501         -0.2601
CBEAM         50      40      40      41  0.0819  0.9534  0.2904
PBEAM*                41               1        0.002585     9.1931E-006
*            8.0730E-005          0.0000      4.496E-005          0.0000
*                0.06501          0.2601        -0.06501          0.2601
*               -0.06501         -0.2601         0.06501         -0.2601
*                    YES           1.000        0.002557     8.9044E-006
*            7.8211E-005          0.0000      4.356E-005          0.0000
*                0.06433          0.2573        -0.06433          0.2573
*               -0.06433         -0.2573         0.06433         -0.2573
CBEAM         51      41      41      42  0.0000  0.9397  0.3420
PBEAM*                42               1        0.002557     8.9044E-006
*            7.8211E-005          0.0000      4.356E-005          0.0000
*                0.06433          0.2573        -0.06433          0.2573
*               -0.06433         -0.2573         0.06433         -0.2573
*                    YES           1.000        0.002585     9.1931E-006
*            8.0730E-005          0.0000      4.496E-005          0.0000
*                0.06501          0.2601        -0.06501          0.2601
*               -0.06501         -0.2601         0.06501         -0.2601
CBEAM         52      42      42      43  0.1274  0.6987  0.7040
PBEAM*                43               1        0.002585     9.1931E-006
*            8.0730E-005          0.0000      4.496E-005          0.0000
*                0.06501          0.2601        -0.06501          0.2601
*               -0.06501         -0.2601         0.06501         -0.2601
*                    YES           1.000        0.002543     8.7570E-006
*            7.6925E-005          0.0000      4.284E-005          0.0000
*                0.06398          0.2559        -0.06398          0.2559
*               -0.06398         -0.2559         0.06398         -0.2559
CBEAM         53      43      43      44  0.0000  0.6428  0.7660
PBEAM*                44               1        0.002543     8.7570E-006
*            7.6925E-005          0.0000      4.284E-005          0.0000
*                0.06398          0.2559        -0.06398          0.2559
*               -0.06398         -0.2559         0.06398         -0.2559
*                    YES           1.000        0.002600     9.3651E-006
*            8.2231E-005          0.0000      4.580E-005          0.0000
*                0.06541          0.2616        -0.06541          0.2616
*               -0.06541         -0.2616         0.06541         -0.2616
CBEAM         54      44      44      45  0.1449  0.2176  0.9652
PBEAM*                45               1        0.002600     9.3651E-006
*            8.2231E-005          0.0000      4.580E-005          0.0000
*                0.06541          0.2616        -0.06541          0.2616
*               -0.06541         -0.2616         0.06541         -0.2616
*                    YES           1.000        0.002652     9.9337E-006
*            8.7191E-005          0.0000      4.856E-005          0.0000
*                0.06669          0.2668        -0.06669          0.2668
*               -0.06669         -0.2668         0.06669         -0.2668
CBEAM         55      45      45      46  0.0000  0.1219  0.9925
PBEAM*                46               1        0.002652     9.9337E-006
*            8.7191E-005          0.0000      4.856E-005          0.0000
*                0.06669          0.2668        -0.06669          0.2668
*               -0.06669         -0.2668         0.06669         -0.2668
*                    YES           1.000        0.002703     1.0525E-005
*            9.2347E-005          0.0000      5.144E-005          0.0000
*                0.06798          0.2719        -0.06798          0.2719
*               -0.06798         -0.2719         0.06798         -0.2719
CBEAM         56      46      46      47  0.0000  0.1219  0.9925
PBEAM*                47               1        0.002703     1.0525E-005
*            9.2347E-005          0.0000      5.144E-005          0.0000
*                0.06798          0.2719        -0.06798          0.2719
*               -0.06798         -0.2719         0.06798         -0.2719
*                    YES           1.000        0.002754     1.1139E-005
*            9.7702E-005          0.0000      5.442E-005          0.0000
*                0.06926          0.2770        -0.06926          0.2770
*               -0.06926         -0.2770         0.06926         -0.2770
CBEAM         57      47      47      48  0.0000  0.1219  0.9925
PBEAM*                48               1        0.002754     1.1139E-005
*            9.7702E-005          0.0000      5.442E-005          0.0000
*                0.06926          0.2770        -0.06926          0.2770
*               -0.06926         -0.2770         0.06926         -0.2770
*                    YES           1.000        0.002806     1.1776E-005
*             0.00010326          0.0000      5.752E-005          0.0000
*                0.07054          0.2822        -0.07054          0.2822
*               -0.07054         -0.2822         0.07054         -0.2822
CBEAM         58      48      48      49  0.0000  0.1219  0.9925
PBEAM*                49               1        0.002806     1.1776E-005
*             0.00010326          0.0000      5.752E-005          0.0000
*                0.07054          0.2822        -0.07054          0.2822
*               -0.07054         -0.2822         0.07054         -0.2822
*                    YES           1.000        0.002857     1.2438E-005
*             0.00010903          0.0000      6.073E-005          0.0000
*                0.07183          0.2873        -0.07183          0.2873
*               -0.07183         -0.2873         0.07183         -0.2873
CBEAM         59      49      49      50  0.0000  0.1219  0.9925
PBEAM*                50               1        0.002857     1.2438E-005
*             0.00010903          0.0000      6.073E-005          0.0000
*                0.07183          0.2873        -0.07183          0.2873
*               -0.07183         -0.2873         0.07183         -0.2873
*                    YES           1.000        0.002908     1.3124E-005
*             0.00011500          0.0000      6.406E-005          0.0000
*                0.07311          0.2924        -0.07311          0.2924
*               -0.07311         -0.2924         0.07311         -0.2924
CBEAM         60      50      50      51  0.0000  0.1219  0.9925
PBEAM*                51               1        0.002908     1.3124E-005
*             0.00011500          0.0000      6.406E-005          0.0000
*                0.07311          0.2924        -0.07311          0.2924
*               -0.07311         -0.2924         0.07311         -0.2924
*                    YES           1.000        0.002960     1.3834E-005
*             0.00012119          0.0000      6.751E-005          0.0000
*                0.07439          0.2976        -0.07439          0.2976
*               -0.07439         -0.2976         0.07439         -0.2976
CBEAM         61      51      51      52  0.0000  0.1219  0.9925
PBEAM*                52               1        0.002960     1.3834E-005
*             0.00012119          0.0000      6.751E-005          0.0000
*                0.07439          0.2976        -0.07439          0.2976
*               -0.07439         -0.2976         0.07439         -0.2976
*                    YES           1.000        0.003011     1.4570E-005
*             0.00012760          0.0000      7.108E-005          0.0000
*                0.07567          0.3027        -0.07567          0.3027
*               -0.07567         -0.3027         0.07567         -0.3027
CBEAM         62      52      52      53  0.0000  0.1219  0.9925
PBEAM*                53               1        0.003011     1.4570E-005
*             0.00012760          0.0000      7.108E-005          0.0000
*                0.07567          0.3027        -0.07567          0.3027
*               -0.07567         -0.3027         0.07567         -0.3027
*                    YES           1.000        0.003062     1.5331E-005
*             0.00013423          0.0000      7.478E-005          0.0000
*                0.07696          0.3078        -0.07696          0.3078
*               -0.07696         -0.3078         0.07696         -0.3078
CBEAM         63      53      53      54  0.0000  0.1219  0.9925
PBEAM*                54               1        0.003062     1.5331E-005
*             0.00013423          0.0000      7.478E-005          0.0000
*                0.07696          0.3078        -0.07696          0.3078
*               -0.07696         -0.3078         0.07696         -0.3078
*                    YES           1.000        0.003114     1.6118E-005
*             0.00014109          0.0000      7.860E-005          0.0000
*                0.07824          0.3130        -0.07824          0.3130
*               -0.07824         -0.3130         0.07824         -0.3130
CBEAM         64      54      54      55  0.0000  0.1219  0.9925
PBEAM*                55               1        0.003114     1.6118E-005
*             0.00014109          0.0000      7.860E-005          0.0000
*                0.07824          0.3130        -0.07824          0.3130
*               -0.07824         -0.3130         0.07824         -0.3130
*                    YES           1.000        0.003165     1.6932E-005
*             0.00014817          0.0000      8.255E-005          0.0000
*                0.07952          0.3181        -0.07952          0.3181
*               -0.07952         -0.3181         0.07952         -0.3181
CBEAM         65      55      55      56  0.0000  0.1219  0.9925
PBEAM*                56               1        0.003165     1.6932E-005
*             0.00014817          0.0000      8.255E-005          0.0000
*                0.07952          0.3181        -0.07952          0.3181
*               -0.07952         -0.3181         0.07952         -0.3181
*                    YES           1.000        0.003216     1.7773E-005
*             0.00015549          0.0000      8.663E-005          0.0000
*                0.08080          0.3232        -0.08080          0.3232
*               -0.08080         -0.3232         0.08080         -0.3232
CBEAM         66      56      56      57  0.0000  0.1219  0.9925
PBEAM*                57               1        0.003216     1.7773E-005
*             0.00015549          0.0000      8.663E-005          0.0000
*                0.08080          0.3232        -0.08080          0.3232
*               -0.08080         -0.3232         0.08080         -0.3232
*                    YES           1.000        0.003267     1.8641E-005
*             0.00016305          0.0000      9.084E-005          0.0000
*                0.08209          0.3283        -0.08209          0.3283
*               -0.08209         -0.3283         0.08209         -0.3283
CBEAM         67      57      57      58  0.0000  0.1219  0.9925
PBEAM*                58               1        0.003267     1.8641E-005
*             0.00016305          0.0000      9.084E-005          0.0000
*                0.08209          0.3283        -0.08209          0.3283
*               -0.08209         -0.3283         0.08209         -0.3283
*                    YES           1.000        0.003319     1.9537E-005
*             0.00017085          0.0000      9.519E-005          0.0000
*                0.08337          0.3335        -0.08337          0.3335
*               -0.08337         -0.3335         0.08337         -0.3335
CBEAM         68      58      58      59  0.0000  0.1219  0.9925
PBEAM*                59               1        0.003319     1.9537E-005
*             0.00017085          0.0000      9.519E-005          0.0000
*                0.08337          0.3335        -0.08337          0.3335
*               -0.08337         -0.3335         0.08337         -0.3335
*                    YES           1.000        0.003370     2.0462E-005
*             0.00017889          0.0000      9.967E-005          0.0000
*                0.08465          0.3386        -0.08465          0.3386
*               -0.08465         -0.3386         0.08465         -0.3386
CBEAM         69      59      59      60 -0.0000  0.1219  0.9925
PBEAM*                60               1        0.003370     2.0462E-005
*             0.00017889          0.0000      9.967E-005          0.0000
*                0.08465          0.3386        -0.08465          0.3386
*               -0.08465         -0.3386         0.08465         -0.3386
*                    YES           1.000        0.003421     2.1415E-005
*             0.00018718          0.0000       0.0001043          0.0000
*                0.08593          0.3437        -0.08593          0.3437
*               -0.08593         -0.3437         0.08593         -0.3437
CBEAM         70      60      60      61  0.0000  0.1219  0.9925
PBEAM*                61               1        0.003421     2.1415E-005
*             0.00018718          0.0000       0.0001043          0.0000
*                0.08593          0.3437        -0.08593          0.3437
*               -0.08593         -0.3437         0.08593         -0.3437
*                    YES           1.000        0.003473     2.2397E-005
*             0.00019572          0.0000       0.0001091          0.0000
*                0.08722          0.3489        -0.08722          0.3489
*               -0.08722         -0.3489         0.08722         -0.3489
CBEAM         71      61      61      62  0.0000  0.1219  0.9925
PBEAM*                62               1        0.003473     2.2397E-005
*             0.00019572          0.0000       0.0001091          0.0000
*                0.08722          0.3489        -0.08722          0.3489
*               -0.08722         -0.3489         0.08722         -0.3489
*                    YES           1.000        0.003524     2.3408E-005
*             0.00020452          0.0000       0.0001140          0.0000
*                0.08850          0.3540        -0.08850          0.3540
*               -0.08850         -0.3540         0.08850         -0.3540
CBEAM         72      62      62      63  0.0000  0.1219  0.9925
PBEAM*                63               1        0.003524     2.3408E-005
*             0.00020452          0.0000       0.0001140          0.0000
*                0.08850          0.3540        -0.08850          0.3540
*               -0.08850         -0.3540         0.08850         -0.3540
*                    YES           1.000        0.003575     2.4450E-005
*             0.00021358          0.0000       0.0001190          0.0000
*                0.08978          0.3591        -0.08978          0.3591
*               -0.08978         -0.3591         0.08978         -0.3591
CBEAM         73      63      63      64  0.0000  0.1219  0.9925
PBEAM*                64               1        0.003575     2.4450E-005
*             0.00021358          0.0000       0.0001190          0.0000
*                0.08978          0.3591        -0.08978          0.3591
*               -0.08978         -0.3591         0.08978         -0.3591
*                    YES           1.000        0.003627     2.5522E-005
*             0.00022290          0.0000       0.0001242          0.0000
*                0.09106          0.3643        -0.09106          0.3643
*               -0.09106         -0.3643         0.09106         -0.3643
CBEAM         74      64      64      65 -0.0000  0.1219  0.9925
PBEAM*                65               1        0.003627     2.5522E-005
*             0.00022290          0.0000       0.0001242          0.0000
*                0.09106          0.3643        -0.09106          0.3643
*               -0.09106         -0.3643         0.09106         -0.3643
*                    YES           1.000        0.003678     2.6625E-005
*             0.00023249          0.0000       0.0001296          0.0000
*                0.09235          0.3694        -0.09235          0.3694
*               -0.09235         -0.3694         0.09235         -0.3694
CBEAM         75      65      65      66 -0.0000  0.1219  0.9925
PBEAM*                66               1        0.003678     2.6625E-005
*             0.00023249          0.0000       0.0001296          0.0000
*                0.09235          0.3694        -0.09235          0.3694
*               -0.09235         -0.3694         0.09235         -0.3694
*                    YES           1.000        0.003729     2.7760E-005
*             0.00024235          0.0000       0.0001351          0.0000
*                0.09363          0.3745        -0.09363          0.3745
*               -0.09363         -0.3745         0.09363         -0.3745
CBEAM         76      66      66      67 -0.0000  0.1219  0.9925
PBEAM*                67               1        0.003729     2.7760E-005
*             0.00024235          0.0000       0.0001351          0.0000
*                0.09363          0.3745        -0.09363          0.3745
*               -0.09363         -0.3745         0.09363         -0.3745
*                    YES           1.000        0.003780     2.8926E-005
*             0.00025249          0.0000       0.0001407          0.0000
*                0.09491          0.3796        -0.09491          0.3796
*               -0.09491         -0.3796         0.09491         -0.3796
CBEAM         77      67      67      68  0.0000  0.1219  0.9925
PBEAM*                68               1        0.003780     2.8926E-005
*             0.00025249          0.0000       0.0001407          0.0000
*                0.09491          0.3796        -0.09491          0.3796
*               -0.09491         -0.3796         0.09491         -0.3796
*                    YES           1.000        0.004291     4.2371E-005
*             0.00036927          0.0000       0.0002058          0.0000
*                 0.1077          0.4307         -0.1077          0.4307
*                -0.1077         -0.4307          0.1077         -0.4307
CBEAM         78      68      68      69 -0.0000  0.1219  0.9925
PBEAM*                69               1        0.004291     4.2371E-005
*             0.00036927          0.0000       0.0002058          0.0000
*                 0.1077          0.4307         -0.1077          0.4307
*                -0.1077         -0.4307          0.1077         -0.4307
*                    YES           1.000        0.004726     5.6657E-005
*             0.00049325          0.0000       0.0002750          0.0000
*                 0.1186          0.4742         -0.1186          0.4742
*                -0.1186         -0.4742          0.1186         -0.4742
CBEAM         79      69      69      70  0.0123  0.0207  0.9997
PBEAM*                70               1        0.004726     5.6657E-005
*             0.00049325          0.0000       0.0002750          0.0000
*                 0.1186          0.4742         -0.1186          0.4742
*                -0.1186         -0.4742          0.1186         -0.4742
*                    YES           1.000        0.004974     6.6052E-005
*             0.00057475          0.0000       0.0003204          0.0000
*                 0.1247          0.4990         -0.1247          0.4990
*                -0.1247         -0.4990          0.1247         -0.4990
CBEAM         80      70      70      71  0.0000  0.0175  0.9998
PBEAM*                71               1        0.004974     6.6052E-005
*             0.00057475          0.0000       0.0003204          0.0000
*                 0.1247          0.4990         -0.1247          0.4990
*                -0.1247         -0.4990          0.1247         -0.4990
*                    YES           1.000        0.005221     7.6433E-005
*             0.00066476          0.0000       0.0003706          0.0000
*                 0.1309          0.5237         -0.1309          0.5237
*                -0.1309         -0.5237          0.1309         -0.5237
CBEAM         81      71      71      72  0.0000  0.0175  0.9998
PBEAM*                72               1        0.005221     7.6433E-005
*             0.00066476          0.0000       0.0003706          0.0000
*                 0.1309          0.5237         -0.1309          0.5237
*                -0.1309         -0.5237          0.1309         -0.5237
*                    YES           1.000        0.005468     8.7847E-005
*             0.00076371          0.0000       0.0004258          0.0000
*                 0.1371          0.5484         -0.1371          0.5484
*                -0.1371         -0.5484          0.1371         -0.5484
CBEAM         82      72      72      73  0.0000  0.0175  0.9998
PBEAM*                73               1        0.005468     8.7847E-005
*             0.00076371          0.0000       0.0004258          0.0000
*                 0.1371          0.5484         -0.1371          0.5484
*                -0.1371         -0.5484          0.1371         -0.5484
*                    YES           1.000        0.005715      0.00010035
*             0.00087202          0.0000       0.0004862          0.0000
*                 0.1433          0.5731         -0.1433          0.5731
*                -0.1433         -0.5731          0.1433         -0.5731
CBEAM         83      73      73      74  0.0000  0.0175  0.9998
PBEAM*                74               1        0.005715      0.00010035
*             0.00087202          0.0000       0.0004862          0.0000
*                 0.1433          0.5731         -0.1433          0.5731
*                -0.1433         -0.5731          0.1433         -0.5731
*                    YES           1.000        0.005963      0.00011398
*             0.00099012          0.0000       0.0005520          0.0000
*                 0.1495          0.5979         -0.1495          0.5979
*                -0.1495         -0.5979          0.1495         -0.5979
CBEAM         84      74      74      75  0.0000  0.0175  0.9998
PBEAM*                75               1        0.005963      0.00011398
*             0.00099012          0.0000       0.0005520          0.0000
*                 0.1495          0.5979         -0.1495          0.5979
*                -0.1495         -0.5979          0.1495         -0.5979
*                    YES           1.000        0.006210      0.00012879
*              0.0011184          0.0000       0.0006236          0.0000
*                 0.1556          0.6226         -0.1556          0.6226
*                -0.1556         -0.6226          0.1556         -0.6226
CBEAM         85      75      75      76  0.0000  0.0175  0.9998
PBEAM*                76               1        0.006210      0.00012879
*              0.0011184          0.0000       0.0006236          0.0000
*                 0.1556          0.6226         -0.1556          0.6226
*                -0.1556         -0.6226          0.1556         -0.6226
*                    YES           1.000        0.006457      0.00014483
*              0.0012574          0.0000       0.0007011          0.0000
*                 0.1618          0.6473         -0.1618          0.6473
*                -0.1618         -0.6473          0.1618         -0.6473
CBEAM         86      76      76      77  0.0000  0.0175  0.9998
