PAERO1         1
$Aerodynamic Shell
CAERO1         1       1       0                       1       2       1
         12.7437  0.0000 -1.2423  5.0276 12.7437  1.8749 -1.2423  5.0276
AEFACT         1  0.0000  0.2000  0.4000  0.6000  0.8000  0.9999
AEFACT         2  0.0000  0.0714  0.1429  0.2143  0.2857  0.3571  0.4286
          0.5000  0.5714  0.6429  0.7143  0.7857  0.8571  0.9286  1.0000
$Aerodynamic Shell
CAERO1         2       1       0                       3       4       1
         12.7437  1.8750 -1.2423  5.0276 15.0812  6.3403 -0.9330  2.7420
AEFACT         3  0.0000  0.0909  0.1818  0.2727  0.3636  0.4545  0.5455
          0.6364  0.7273  0.8182  0.9091  1.0000
AEFACT         4  0.0000  0.0714  0.1429  0.2143  0.2857  0.3571  0.4286
          0.5000  0.5714  0.6429  0.7143  0.7857  0.8571  0.9286  1.0000
$Aerodynamic Shell
CAERO1         3       1       0                       5       6       1
         15.0812  6.3403 -0.9330  2.7420 20.6420 16.9635 -0.1972  1.0420
AEFACT         5  0.0000  0.0370  0.0741  0.1111  0.1481  0.1852  0.2222
          0.2593  0.2963  0.3333  0.3704  0.4074  0.4444  0.4815  0.5185
          0.5556  0.5926  0.6472  0.6667  0.7010  0.7407  0.7778  0.8148
          0.8519  0.8889  0.9362  0.9630  1.0000
AEFACT         6  0.0000  0.0714  0.1429  0.2143  0.2857  0.3571  0.4286
          0.5000  0.5714  0.6429  0.7143  0.7857  0.8571  0.9286  1.0000