PAERO1         1
$------1-------2-------3-------4-------5-------6-------7-------8-------9
$Aero Panel section1
$Aerodynamic Box
CAERO1      1001  0.0000       0       5      14    0012    0012       1
         12.7437  0.0000 -1.2423  5.0276  1.8749  1.0000  0.0000  2.0000  2.0000
          0.0000  0.8000       6 FlapFix
$Spline interface Aerodynamic - Structure
SPLINE1     1001    1001    1001    1070    1001
$Set of Interface Aero-Struct Grids 
SET1        1001     101     102     103     104
$------1-------2-------3-------4-------5-------6-------7-------8-------9
$Aero Panel section 1, TED box Section 1
$Aerodynamic Box
CAERO1      1002  0.0000       0       5       6    0012    0012       1
         17.7714  0.0000 -1.4179  1.0444  1.8749  1.0000  0.0000  2.0000  2.0000
          0.0000  0.8000       6 FlapFix
$Spline interface Aerodynamic - Structure
SPLINE1     1002    1002    1002    1031    1002
$Set of Interface Aero-Struct Grids 
SET1        1002     101     102     103     104
$------1-------2-------3-------4-------5-------6-------7-------8-------9
$Aero Panel section2
$Aerodynamic Box
CAERO1      1003  3.9621       0      11      14    0012    0012       1
         12.7437  1.8750 -1.2423  5.0276  4.4760  0.5454 27.5743  2.0000  2.0000
          0.0000  0.8000       6 FlapFix
$Spline interface Aerodynamic - Structure
SPLINE1     1003    1003    1003    1156    1003
$Set of Interface Aero-Struct Grids 
SET1        1003     105     106     107     108     109     110     111
             112     113     114     115
$------1-------2-------3-------4-------5-------6-------7-------8-------9
$Aero Panel section 2, TED box Section 1
$Aerodynamic Box
CAERO1      1004  4.9892       0      10       6    0012    0012       1
         17.7714  1.8750 -1.4179  1.0444  4.0748  0.9916  0.3985  2.0000  2.0000
          0.0000  0.8000       6 FlapFix
$Spline interface Aerodynamic - Structure
SPLINE1     1004    1004    1004    1063    1004
$Set of Interface Aero-Struct Grids 
SET1        1004     105     106     107     108     109     110     111
             112     113     114     115
$------1-------2-------3-------4-------5-------6-------7-------8-------9
$Aero Panel section3
$Aerodynamic Box
CAERO1      1005  3.9621       0      27      14    0012    0012       1
         15.0812  6.3403 -0.9330  2.7420 10.6486  0.3800 27.5743  2.0000  2.0000
          0.0000  0.8000       6 FlapFix
$Spline interface Aerodynamic - Structure
SPLINE1     1005    1005    1005    1382    1005
$Set of Interface Aero-Struct Grids 
SET1        1005     115     116     117     118     119     120     121
             122     123     124     125     126     127     128     129
             130     131     132     133     134     135     136     137
             138
$------1-------2-------3-------4-------5-------6-------7-------8-------9
$Aero Panel section 3, TED box Section 1
$Aerodynamic Box
CAERO1      1006  4.2760       0      17       6    0012    0012       1
         17.8232  6.3403 -1.0288  1.0142  6.8950  0.6262 20.0384  2.0000  2.0000
          0.0000  0.8000       6 FlapFix
$Spline interface Aerodynamic - Structure
SPLINE1     1006    1006    1006    1107    1006
$Set of Interface Aero-Struct Grids 
SET1        1006     115     116     117     118     119     120     121
             122     123     124     125     126     127     128     129
             130     131     132     133     134     135     136     137
             138
$Material for wing 1
MAT1         1017.100+10          0.3300       0
$Grid for wing
PBAR         101     101 1.393-2 1.460-3 1.263-2 0.000+0 7.044-3   0.000
          0.3487  1.3949 -0.3487  1.3949 -0.3487 -1.3949  0.3487 -1.3949
CBAR         101     101     101     102  0.0349  0.0000  0.9994     GGG
PBAR         102     101 1.393-2 1.460-3 1.263-2 0.000+0 7.044-3   0.000
          0.3487  1.3949 -0.3487  1.3949 -0.3487 -1.3949  0.3487 -1.3949
CBAR         102     102     102     103  0.0349  0.0000  0.9994     GGG
PBAR         103     101 1.393-2 1.460-3 1.263-2 0.000+0 7.044-3   0.000
          0.3487  1.3949 -0.3487  1.3949 -0.3487 -1.3949  0.3487 -1.3949
CBAR         103     103     103     104  0.0349  0.0000  0.9994     GGG
PBAR         104     101 1.382-2 1.426-3 1.233-2 0.000+0 6.879-3   0.000
          0.3460  1.3839 -0.3460  1.3839 -0.3460 -1.3839  0.3460 -1.3839
CBAR         104     104     104     105  0.0349  0.0000  0.9994     GGG
PBAR         105     101 1.312-2 1.220-3 1.055-2 0.000+0 5.884-3   0.000
          0.3284  1.3138 -0.3284  1.3138 -0.3284 -1.3138  0.3284 -1.3138
CBAR         105     105     105     106  0.0186 -0.0809  0.9966     GGG
PBAR         106     101 1.227-2 9.963-4 8.619-3 0.000+0 4.807-3   0.000
          0.3071  1.2283 -0.3071  1.2283 -0.3071 -1.2283  0.3071 -1.2283
CBAR         106     106     106     107  0.0339 -0.0868  0.9956     GGG
PBAR         107     101 1.176-2 8.778-4 7.594-3 0.000+0 4.236-3   0.000
          0.2944  1.1777 -0.2944  1.1777 -0.2944 -1.1777  0.2944 -1.1777
CBAR         107     107     107     108  0.0348 -0.0872  0.9956     GGG
PBAR         108     101 1.127-2 7.728-4 6.688-3 0.000+0 3.730-3   0.000
          0.2822  1.1289 -0.2822  1.1289 -0.2822 -1.1289  0.2822 -1.1289
CBAR         108     108     108     109  0.0348 -0.0872  0.9956     GGG
PBAR         109     101 1.078-2 6.766-4 5.856-3 0.000+0 3.266-3   0.000
          0.2700  1.0800 -0.2700  1.0800 -0.2700 -1.0800  0.2700 -1.0800
CBAR         109     109     109     110  0.0348 -0.0872  0.9956     GGG
PBAR         110     101 1.030-2 5.887-4 5.096-3 0.000+0 2.843-3   0.000
          0.2578  1.0312 -0.2578  1.0312 -0.2578 -1.0312  0.2578 -1.0312
CBAR         110     110     110     111  0.0348 -0.0872  0.9956     GGG
PBAR         111     101 9.808-3 5.088-4 4.406-3 0.000+0 2.457-3   0.000
          0.2456  0.9824 -0.2456  0.9824 -0.2456 -0.9824  0.2456 -0.9824
CBAR         111     111     111     112  0.0348 -0.0872  0.9956     GGG
PBAR         112     101 9.355-3 4.414-4 3.823-3 0.000+0 2.132-3   0.000
          0.2343  0.9371 -0.2343  0.9371 -0.2343 -0.9371  0.2343 -0.9371
CBAR         112     112     112     113  0.0348 -0.0872  0.9956     GGG
PBAR         113     101 8.994-3 3.921-4 3.397-3 0.000+0 1.895-3   0.000
          0.2252  0.9010 -0.2252  0.9010 -0.2252 -0.9010  0.2252 -0.9010
CBAR         113     113     113     114  0.0348 -0.0872  0.9956     GGG
PBAR         114     101 8.687-3 3.533-4 3.061-3 0.000+0 1.707-3   0.000
          0.2176  0.8703 -0.2176  0.8703 -0.2176 -0.8703  0.2176 -0.8703
CBAR         114     114     114     115  0.0348 -0.0872  0.9956     GGG
PBAR         115     101 8.372-3 3.162-4 2.740-3 0.000+0 1.528-3   0.000
          0.2097  0.8388 -0.2097  0.8388 -0.2097 -0.8388  0.2097 -0.8388
CBAR         115     115     115     116  0.0348 -0.0872  0.9956     GGG
PBAR         116     101 8.049-3 2.810-4 2.436-3 0.000+0 1.358-3   0.000
          0.2016  0.8065 -0.2016  0.8065 -0.2016 -0.8065  0.2016 -0.8065
CBAR         116     116     116     117  0.0348 -0.0872  0.9956     GGG
PBAR         117     101 7.727-3 2.485-4 2.154-3 0.000+0 1.201-3   0.000
          0.1936  0.7743 -0.1936  0.7743 -0.1936 -0.7743  0.1936 -0.7743
CBAR         117     117     117     118  0.0348 -0.0872  0.9956     GGG
PBAR         118     101 7.405-3 2.186-4 1.896-3 0.000+0 1.057-3   0.000
          0.1855  0.7421 -0.1855  0.7421 -0.1855 -0.7421  0.1855 -0.7421
CBAR         118     118     118     119  0.0348 -0.0872  0.9956     GGG
PBAR         119     101 7.082-3 1.912-4 1.659-3 0.000+0 9.251-4   0.000
          0.1775  0.7098 -0.1775  0.7098 -0.1775 -0.7098  0.1775 -0.7098
CBAR         119     119     119     120  0.0348 -0.0872  0.9956     GGG
PBAR         120     101 6.760-3 1.662-4 1.443-3 0.000+0 8.044-4   0.000
          0.1694  0.6776 -0.1694  0.6776 -0.1694 -0.6776  0.1694 -0.6776
CBAR         120     120     120     121  0.0348 -0.0872  0.9956     GGG
PBAR         121     101 6.437-3 1.435-4 1.246-3 0.000+0 6.947-4   0.000
          0.1613  0.6453 -0.1613  0.6453 -0.1613 -0.6453  0.1613 -0.6453
CBAR         121     121     121     122  0.0348 -0.0872  0.9956     GGG
PBAR         122     101 6.115-3 1.230-4 1.068-3 0.000+0 5.954-4   0.000
          0.1533  0.6131 -0.1533  0.6131 -0.1533 -0.6131  0.1533 -0.6131
CBAR         122     122     122     123  0.0348 -0.0872  0.9956     GGG
PBAR         123     101 5.792-3 1.045-4 9.077-4 0.000+0 5.061-4   0.000
          0.1452  0.5808 -0.1452  0.5808 -0.1452 -0.5808  0.1452 -0.5808
CBAR         123     123     123     124  0.0348 -0.0872  0.9956     GGG
PBAR         124     101 5.470-3 8.793-5 7.645-4 0.000+0 4.262-4   0.000
          0.1371  0.5486 -0.1371  0.5486 -0.1371 -0.5486  0.1371 -0.5486
CBAR         124     124     124     125  0.0348 -0.0872  0.9956     GGG
PBAR         125     101 5.147-3 7.324-5 6.371-4 0.000+0 3.552-4   0.000
          0.1291  0.5163 -0.1291  0.5163 -0.1291 -0.5163  0.1291 -0.5163
CBAR         125     125     125     126  0.0348 -0.0872  0.9956     GGG
PBAR         126     101 4.825-3 6.029-5 5.248-4 0.000+0 2.925-4   0.000
          0.1210  0.4841 -0.1210  0.4841 -0.1210 -0.4841  0.1210 -0.4841
CBAR         126     126     126     127  0.0348 -0.0872  0.9956     GGG
PBAR         127     101 4.503-3 4.896-5 4.265-4 0.000+0 2.377-4   0.000
          0.1130  0.4519 -0.1130  0.4519 -0.1130 -0.4519  0.1130 -0.4519
CBAR         127     127     127     128  0.0348 -0.0872  0.9956     GGG
PBAR         128     101 4.180-3 3.915-5 3.413-4 0.000+0 1.902-4   0.000
          0.1049  0.4196 -0.1049  0.4196 -0.1049 -0.4196  0.1049 -0.4196
CBAR         128     128     128     129  0.0348 -0.0872  0.9956     GGG
PBAR         129     101 3.858-3 3.074-5 2.683-4 0.000+0 1.495-4   0.000
          0.0968  0.3874 -0.0968  0.3874 -0.0968 -0.3874  0.0968 -0.3874
CBAR         129     129     129     130  0.0348 -0.0872  0.9956     GGG
PBAR         130     101 3.535-3 2.363-5 2.065-4 0.000+0 1.151-4   0.000
          0.0888  0.3551 -0.0888  0.3551 -0.0888 -0.3551  0.0888 -0.3551
CBAR         130     130     130     131  0.0348 -0.0872  0.9956     GGG
PBAR         131     101 3.213-3 1.772-5 1.550-4 0.000+0 8.636-5   0.000
          0.0807  0.3229 -0.0807  0.3229 -0.0807 -0.3229  0.0807 -0.3229
CBAR         131     131     131     132  0.0348 -0.0872  0.9956     GGG
PBAR         132     101 2.890-3 1.288-5 1.129-4 0.000+0 6.288-5   0.000
          0.0727  0.2906 -0.0727  0.2906 -0.0727 -0.2906  0.0727 -0.2906
CBAR         132     132     132     133  0.0348 -0.0872  0.9956     GGG
PBAR         133     101 2.568-3 9.015-6 7.918-5 0.000+0 4.410-5   0.000
          0.0646  0.2584 -0.0646  0.2584 -0.0646 -0.2584  0.0646 -0.2584
CBAR         133     133     133     134  0.0348 -0.0872  0.9956     GGG
PBAR         134     101 2.245-3 6.013-6 5.295-5 0.000+0 2.948-5   0.000
          0.0565  0.2261 -0.0565  0.2261 -0.0565 -0.2261  0.0565 -0.2261
CBAR         134     134     134     135  0.0348 -0.0872  0.9956     GGG
PBAR         135     101 1.923-3 3.764-6 3.327-5 0.000+0 1.852-5   0.000
          0.0485  0.1939 -0.0485  0.1939 -0.0485 -0.1939  0.0485 -0.1939
CBAR         135     135     135     136  0.0348 -0.0872  0.9956     GGG
PBAR         136     101 1.601-3 2.160-6 1.920-5 0.000+0 1.068-5   0.000
          0.0404  0.1617 -0.0404  0.1617 -0.0404 -0.1617  0.0404 -0.1617
CBAR         136     136     136     137  0.0348 -0.0872  0.9956     GGG
PBAR         137     101 1.338-3 1.256-6 1.123-5 0.000+0 6.243-6   0.000
          0.0339  0.1354 -0.0339  0.1354 -0.0339 -0.1354  0.0339 -0.1354
CBAR         137     137     137     138  0.0348 -0.0872  0.9956     GGG
$Set Grid Wing
SET1         101     101     102     103     104     105     106     107
             108     109     110     111     112     113     114     115
             116     117     118     119     120     121     122     123
             124     125     126     127     128     129     130     131
             132     133     134     135     136     137     138
$Wing's Wing CBAR elem IDs 
SET1         102     101     102     103     104     105     106     107
             108     109     110     111     112     113     114     115
             116     117     118     119     120     121     122     123
             124     125     126     127     128     129     130     131
             132     133     134     135     136     137
$Wing Grid
GRID         101       0 14.7536  0.0000 -1.3125       0
GRID         102       0 14.7536  0.4688 -1.3125       0
GRID         103       0 14.7536  0.9375 -1.3125       0
GRID         104       0 14.7536  1.4063 -1.3125       0
GRID         105       0 14.7536  1.8750 -1.3125       0
GRID         106       0 14.9298  2.3216 -1.2795       0
GRID         107       0 15.1060  2.7681 -1.2466       0
GRID         108       0 15.2822  3.2146 -1.2137       0
GRID         109       0 15.4583  3.6612 -1.1807       0
GRID         110       0 15.6345  4.1077 -1.1478       0
GRID         111       0 15.8107  4.5542 -1.1149       0
GRID         112       0 15.9869  5.0007 -1.0819       0
GRID         113       0 16.1630  5.4473 -1.0490       0
GRID         114       0 16.3392  5.8938 -1.0160       0
GRID         115       0 16.5154  6.3403 -0.9831       0
GRID         116       0 16.7250  6.8022 -0.9500       0
GRID         117       0 16.9346  7.2641 -0.9169       0
GRID         118       0 17.1442  7.7260 -0.8838       0
GRID         119       0 17.3538  8.1878 -0.8507       0
GRID         120       0 17.5634  8.6497 -0.8175       0
GRID         121       0 17.7730  9.1116 -0.7844       0
GRID         122       0 17.9827  9.5735 -0.7513       0
GRID         123       0 18.1923 10.0353 -0.7182       0
GRID         124       0 18.4019 10.4972 -0.6851       0
GRID         125       0 18.6115 10.9591 -0.6520       0
GRID         126       0 18.8211 11.4210 -0.6189       0
GRID         127       0 19.0307 11.8828 -0.5857       0
GRID         128       0 19.2403 12.3447 -0.5526       0
GRID         129       0 19.4499 12.8066 -0.5195       0
GRID         130       0 19.6595 13.2685 -0.4864       0
GRID         131       0 19.8691 13.7303 -0.4533       0
GRID         132       0 20.0787 14.1922 -0.4202       0
GRID         133       0 20.2883 14.6541 -0.3871       0
GRID         134       0 20.4979 15.1160 -0.3539       0
GRID         135       0 20.7076 15.5779 -0.3208       0
GRID         136       0 20.9172 16.0397 -0.2877       0
GRID         137       0 21.1268 16.5016 -0.2546       0
GRID         138       0 21.3364 16.9635 -0.2215       0
