GRID           1       0 13.9000  0.0000 -1.0000       0
GRID           2       0 13.9000  0.4938 -1.0000       0
GRID           3       0 13.9000  0.9875 -1.0000       0
GRID           4       0 13.9000  1.4813 -1.0000       0
GRID           5       0 13.9000  1.9750 -1.0000       0
GRID           6       0 14.1408  2.4286 -0.9603       0
GRID           7       0 14.3817  2.8822 -0.9206       0
GRID           8       0 14.6225  3.3358 -0.8809       0
GRID           9       0 14.8633  3.7894 -0.8413       0
GRID          10       0 15.1042  4.2430 -0.8016       0
GRID          11       0 15.3450  4.6966 -0.7619       0
GRID          12       0 15.5858  5.1502 -0.7222       0
GRID          13       0 15.8556  5.5766 -0.6698       0
GRID          14       0 16.1253  6.0031 -0.6175       0
GRID          15       0 16.3950  6.4296 -0.5651       0
GRID          16       0 16.6647  6.8561 -0.5127       0
GRID          17       0 16.9344  7.2826 -0.4604       0
GRID          18       0 17.2041  7.7091 -0.4080       0
GRID          19       0 17.4739  8.1355 -0.3557       0
GRID          20       0 17.7436  8.5620 -0.3033       0
GRID          21       0 18.0133  8.9885 -0.2509       0
GRID          22       0 18.2830  9.4150 -0.1986       0
GRID          23       0 18.5527  9.8415 -0.1462       0
GRID          24       0 18.8224 10.2680 -0.0938       0
GRID          25       0 19.0922 10.6944 -0.0415       0
GRID          26       0 19.3619 11.1209  0.0109       0
GRID          27       0 19.6316 11.5474  0.0633       0
GRID          28       0 19.9013 11.9739  0.1156       0
GRID          29       0 20.1710 12.4004  0.1680       0
GRID          30       0 20.4407 12.8269  0.2204       0
GRID          31       0 20.7105 13.2534  0.2727       0
GRID          32       0 20.9802 13.6798  0.3251       0
GRID          33       0 21.2499 14.1063  0.3775       0
GRID          34       0 21.5191 14.4239  0.6439       0
GRID          35       0 21.7883 14.7414  0.9104       0
GRID          36       0 22.0589 14.8840  1.3020       0
GRID          37       0 22.3295 15.0265  1.6936       0
GRID          38       0 22.5656 15.0265  2.0571       0
GRID          39       0 22.8017 15.0265  2.4206       0
GRID          40       0 23.0377 15.0265  2.7841       0
GRID          41       0 23.3084 14.8840  3.1757       0
GRID          42       0 23.5790 14.7414  3.5673       0
GRID          43       0 23.8482 14.4239  3.8337       0
GRID          44       0 24.1174 14.1063  4.1002       0
GRID          45       0 24.3999 13.6934  4.1509       0
GRID          46       0 24.6825 13.2806  4.2016       0
GRID          47       0 24.9650 12.8677  4.2523       0
GRID          48       0 25.2476 12.4548  4.3030       0
GRID          49       0 25.5301 12.0419  4.3537       0
GRID          50       0 25.8127 11.6291  4.4044       0
GRID          51       0 26.0952 11.2162  4.4551       0
GRID          52       0 26.3777 10.8033  4.5058       0
GRID          53       0 26.6603 10.3904  4.5565       0
GRID          54       0 26.9428  9.9776  4.6072       0
GRID          55       0 27.2254  9.5647  4.6578       0
GRID          56       0 27.5079  9.1518  4.7085       0
GRID          57       0 27.7904  8.7389  4.7592       0
GRID          58       0 28.0730  8.3260  4.8099       0
GRID          59       0 28.3555  7.9132  4.8606       0
GRID          60       0 28.6381  7.5003  4.9113       0
GRID          61       0 28.9206  7.0874  4.9620       0
GRID          62       0 29.2032  6.6745  5.0127       0
GRID          63       0 29.4857  6.2617  5.0634       0
GRID          64       0 29.7682  5.8488  5.1141       0
GRID          65       0 30.0508  5.4359  5.1648       0
GRID          66       0 30.3333  5.0230  5.2155       0
GRID          67       0 30.6159  4.6102  5.2662       0
GRID          68       0 30.8984  4.1973  5.3169       0
GRID          69       0 31.1809  3.7844  5.3676       0
GRID          70       0 31.3071  3.3113  5.3758       0
GRID          71       0 31.4332  2.8381  5.3841       0
GRID          72       0 31.5593  2.3650  5.3924       0
GRID          73       0 31.6854  1.8919  5.4006       0
GRID          74       0 31.8115  1.4188  5.4089       0
GRID          75       0 31.9376  0.9456  5.4171       0
GRID          76       0 32.0637  0.4725  5.4254       0
GRID          77       0 32.1899 -0.0006  5.4336       0
MAT1           17.1e+010          0.3300       0
PBEAM*                 1               1        0.005984      0.00028868
*             0.00082735          0.0000       0.0005580          0.0000
*                 0.2500          0.5000         -0.2500          0.5000
*                -0.2500         -0.5000          0.2500         -0.5000
*                    YES           1.000        0.005984      0.00028868
*             0.00082735          0.0000       0.0005580          0.0000
*                 0.2500          0.5000         -0.2500          0.5000
*                -0.2500         -0.5000          0.2500         -0.5000
CBEAM          1       1       1       2  0.0000  0.0000 -1.0000
CBEAM          2       1       2       3  0.0000  0.0000 -1.0000
CBEAM          3       1       3       4  0.0000  0.0000 -1.0000
CBEAM          4       1       4       5  0.0000  0.0000 -1.0000
CBEAM          5       1       5       6  0.0000  0.0872 -0.9962
CBEAM          6       1       6       7  0.0000  0.0872 -0.9962
CBEAM          7       1       7       8  0.0000  0.0872 -0.9962
CBEAM          8       1       8       9  0.0000  0.0872 -0.9962
CBEAM          9       1       9      10  0.0000  0.0872 -0.9962
CBEAM         10       1      10      11  0.0000  0.0872 -0.9962
CBEAM         11       1      11      12  0.0000  0.0872 -0.9962
CBEAM         12       1      12      13  0.0000  0.1219 -0.9925
CBEAM         13       1      13      14  0.0000  0.1219 -0.9925
CBEAM         14       1      14      15  0.0000  0.1219 -0.9925
CBEAM         15       1      15      16  0.0000  0.1219 -0.9925
CBEAM         16       1      16      17  0.0000  0.1219 -0.9925
CBEAM         17       1      17      18  0.0000  0.1219 -0.9925
CBEAM         18       1      18      19  0.0000  0.1219 -0.9925
CBEAM         19       1      19      20  0.0000  0.1219 -0.9925
CBEAM         20       1      20      21  0.0000  0.1219 -0.9925
CBEAM         21       1      21      22  0.0000  0.1219 -0.9925
CBEAM         22       1      22      23  0.0000  0.1219 -0.9925
CBEAM         23       1      23      24  0.0000  0.1219 -0.9925
CBEAM         24       1      24      25  0.0000  0.1219 -0.9925
CBEAM         25       1      25      26  0.0000  0.1219 -0.9925
CBEAM         26       1      26      27  0.0000  0.1219 -0.9925
CBEAM         27       1      27      28  0.0000  0.1219 -0.9925
CBEAM         28       1      28      29  0.0000  0.1219 -0.9925
CBEAM         29       1      29      30  0.0000  0.1219 -0.9925
CBEAM         30       1      30      31  0.0000  0.1219 -0.9925
CBEAM         31       1      31      32  0.0000  0.1219 -0.9925
CBEAM         32       1      32      33  0.0000  0.1219 -0.9925
CBEAM         33       1      33      34  0.0000  0.6428 -0.7660
CBEAM         34       1      34      35  0.0000  0.6428 -0.7660
CBEAM         35       1      35      36  0.0000  0.9397 -0.3420
CBEAM         36       1      36      37  0.0000  0.9397 -0.3420
CBEAM         37       1      37      38  0.0000  1.0000  0.0000
CBEAM         38       1      38      39  0.0000  1.0000  0.0000
CBEAM         39       1      39      40  0.0000  1.0000  0.0000
CBEAM         40       1      40      41 -0.0000  0.9397  0.3420
CBEAM         41       1      41      42 -0.0000  0.9397  0.3420
CBEAM         42       1      42      43 -0.0000  0.6428  0.7660
CBEAM         43       1      43      44 -0.0000  0.6428  0.7660
CBEAM         44       1      44      45 -0.0000  0.1219  0.9925
CBEAM         45       1      45      46 -0.0000  0.1219  0.9925
CBEAM         46       1      46      47 -0.0000  0.1219  0.9925
CBEAM         47       1      47      48 -0.0000  0.1219  0.9925
CBEAM         48       1      48      49 -0.0000  0.1219  0.9925
CBEAM         49       1      49      50 -0.0000  0.1219  0.9925
CBEAM         50       1      50      51 -0.0000  0.1219  0.9925
CBEAM         51       1      51      52 -0.0000  0.1219  0.9925
CBEAM         52       1      52      53 -0.0000  0.1219  0.9925
CBEAM         53       1      53      54 -0.0000  0.1219  0.9925
CBEAM         54       1      54      55 -0.0000  0.1219  0.9925
CBEAM         55       1      55      56 -0.0000  0.1219  0.9925
CBEAM         56       1      56      57 -0.0000  0.1219  0.9925
CBEAM         57       1      57      58 -0.0000  0.1219  0.9925
CBEAM         58       1      58      59 -0.0000  0.1219  0.9925
CBEAM         59       1      59      60 -0.0000  0.1219  0.9925
CBEAM         60       1      60      61 -0.0000  0.1219  0.9925
CBEAM         61       1      61      62 -0.0000  0.1219  0.9925
CBEAM         62       1      62      63 -0.0000  0.1219  0.9925
CBEAM         63       1      63      64 -0.0000  0.1219  0.9925
CBEAM         64       1      64      65 -0.0000  0.1219  0.9925
CBEAM         65       1      65      66 -0.0000  0.1219  0.9925
CBEAM         66       1      66      67 -0.0000  0.1219  0.9925
CBEAM         67       1      67      68 -0.0000  0.1219  0.9925
CBEAM         68       1      68      69 -0.0000  0.1219  0.9925
CBEAM         69       1      69      70 -0.0000  0.0175  0.9998
CBEAM         70       1      70      71 -0.0000  0.0175  0.9998
CBEAM         71       1      71      72 -0.0000  0.0175  0.9998
CBEAM         72       1      72      73 -0.0000  0.0175  0.9998
CBEAM         73       1      73      74 -0.0000  0.0175  0.9998
CBEAM         74       1      74      75 -0.0000  0.0175  0.9998
CBEAM         75       1      75      76 -0.0000  0.0175  0.9998
CBEAM         76       1      76      77 -0.0000  0.0175  0.9998