$Material for wing
MAT1           17.1e+010          0.3300       0
$Grid for wing
GRID           1      10 13.9000  0.0000 -1.0000      10
GRID           2      10 13.9000  0.4938 -1.0000      10
GRID           3      10 13.9000  0.9875 -1.0000      10
GRID           4      10 13.9000  1.4813 -1.0000      10
GRID           5      10 13.9000  1.9750 -1.0000      10
GRID           6      10 14.1408  2.4286 -0.9603      10
GRID           7      10 14.3817  2.8822 -0.9206      10
GRID           8      10 14.6225  3.3358 -0.8809      10
GRID           9      10 14.8633  3.7894 -0.8413      10
GRID          10      10 15.1042  4.2430 -0.8016      10
GRID          11      10 15.3450  4.6966 -0.7619      10
GRID          12      10 15.5858  5.1502 -0.7222      10
GRID          13      10 15.8556  5.5766 -0.6698      10
GRID          14      10 16.1253  6.0031 -0.6175      10
GRID          15      10 16.3950  6.4296 -0.5651      10
GRID          16      10 16.6647  6.8561 -0.5127      10
GRID          17      10 16.9344  7.2826 -0.4604      10
GRID          18      10 17.2041  7.7091 -0.4080      10
GRID          19      10 17.4739  8.1355 -0.3557      10
GRID          20      10 17.7436  8.5620 -0.3033      10
GRID          21      10 18.0133  8.9885 -0.2509      10
GRID          22      10 18.2830  9.4150 -0.1986      10
GRID          23      10 18.5527  9.8415 -0.1462      10
GRID          24      10 18.8224 10.2680 -0.0938      10
GRID          25      10 19.0922 10.6944 -0.0415      10
GRID          26      10 19.3619 11.1209  0.0109      10
GRID          27      10 19.6316 11.5474  0.0633      10
GRID          28      10 19.9013 11.9739  0.1156      10
GRID          29      10 20.1710 12.4004  0.1680      10
GRID          30      10 20.4407 12.8269  0.2204      10
GRID          31      10 20.7105 13.2534  0.2727      10
GRID          32      10 20.9802 13.6798  0.3251      10
GRID          33      10 21.2499 14.1063  0.3775      10
GRID          34      10 21.5191 14.4239  0.6439      10
GRID          35      10 21.7883 14.7414  0.9104      10
GRID          36      10 22.0589 14.8840  1.3020      10
GRID          37      10 22.3295 15.0265  1.6936      10
GRID          38      10 22.5656 15.0265  2.0571      10
GRID          39      10 22.8017 15.0265  2.4206      10
GRID          40      10 23.0377 15.0265  2.7841      10
GRID          41      10 23.3084 14.8840  3.1757      10
GRID          42      10 23.5790 14.7414  3.5673      10
GRID          43      10 23.8482 14.4239  3.8337      10
GRID          44      10 24.1174 14.1063  4.1002      10
GRID          45      10 24.3999 13.6934  4.1509      10
GRID          46      10 24.6825 13.2806  4.2016      10
GRID          47      10 24.9650 12.8677  4.2523      10
GRID          48      10 25.2476 12.4548  4.3030      10
GRID          49      10 25.5301 12.0419  4.3537      10
GRID          50      10 25.8127 11.6291  4.4044      10
GRID          51      10 26.0952 11.2162  4.4551      10
GRID          52      10 26.3777 10.8033  4.5058      10
GRID          53      10 26.6603 10.3904  4.5565      10
GRID          54      10 26.9428  9.9776  4.6072      10
GRID          55      10 27.2254  9.5647  4.6578      10
GRID          56      10 27.5079  9.1518  4.7085      10
GRID          57      10 27.7904  8.7389  4.7592      10
GRID          58      10 28.0730  8.3260  4.8099      10
GRID          59      10 28.3555  7.9132  4.8606      10
GRID          60      10 28.6381  7.5003  4.9113      10
GRID          61      10 28.9206  7.0874  4.9620      10
GRID          62      10 29.2032  6.6745  5.0127      10
GRID          63      10 29.4857  6.2617  5.0634      10
GRID          64      10 29.7682  5.8488  5.1141      10
GRID          65      10 30.0508  5.4359  5.1648      10
GRID          66      10 30.3333  5.0230  5.2155      10
GRID          67      10 30.6159  4.6102  5.2662      10
GRID          68      10 30.8984  4.1973  5.3169      10
GRID          69      10 31.1809  3.7844  5.3676      10
GRID          70      10 31.3071  3.3113  5.3758      10
GRID          71      10 31.4332  2.8381  5.3841      10
GRID          72      10 31.5593  2.3650  5.3924      10
GRID          73      10 31.6854  1.8919  5.4006      10
GRID          74      10 31.8115  1.4188  5.4089      10
GRID          75      10 31.9376  0.9456  5.4171      10
GRID          76      10 32.0637  0.4725  5.4254      10
GRID          77      10 32.1899 -0.0006  5.4336      10
$Set Grid Wing
SET1          21  1.0000  2.0000  3.0000  4.0000  5.0000  6.0000  7.0000
          8.0000  9.0000 10.0000 11.0000 12.0000 13.0000 14.0000 15.0000
         16.0000 17.0000 18.0000 19.0000 20.0000 21.0000 22.0000 23.0000
         24.0000 25.0000 26.0000 27.0000 28.0000 29.0000 30.0000 31.0000
         32.0000 33.0000 34.0000 35.0000 36.0000 37.0000 38.0000 39.0000
         40.0000 41.0000 42.0000 43.0000 44.0000 45.0000 46.0000 47.0000
         48.0000 49.0000 50.0000 51.0000 52.0000 53.0000 54.0000 55.0000
         56.0000 57.0000 58.0000 59.0000 60.0000 61.0000 62.0000 63.0000
         64.0000 65.0000 66.0000 67.0000 68.0000 69.0000 70.0000 71.0000
         72.0000 73.0000 74.0000 75.0000 76.0000 77.0000
PBEAM*                 1               1        0.005984      0.00011521
*              0.0010008          0.0000       0.0005580          0.0000
*                 0.1500          0.6000         -0.1500          0.6000
*                -0.1500         -0.6000          0.1500         -0.6000
*                    YES           1.000        0.005984      0.00011521
*              0.0010008          0.0000       0.0005580          0.0000
*                 0.1500          0.6000         -0.1500          0.6000
*                -0.1500         -0.6000          0.1500         -0.6000
CBEAM         11       1       1       2  0.0000  0.0000 -1.0000
PBEAM*                 2               1        0.005984      0.00011521
*              0.0010008          0.0000       0.0005580          0.0000
*                 0.1500          0.6000         -0.1500          0.6000
*                -0.1500         -0.6000          0.1500         -0.6000
*                    YES           1.000        0.005984      0.00011521
*              0.0010008          0.0000       0.0005580          0.0000
*                 0.1500          0.6000         -0.1500          0.6000
*                -0.1500         -0.6000          0.1500         -0.6000
CBEAM         12       2       2       3  0.0000  0.0000 -1.0000
PBEAM*                 3               1        0.005984      0.00011521
*              0.0010008          0.0000       0.0005580          0.0000
*                 0.1500          0.6000         -0.1500          0.6000
*                -0.1500         -0.6000          0.1500         -0.6000
*                    YES           1.000        0.005984      0.00011521
*              0.0010008          0.0000       0.0005580          0.0000
*                 0.1500          0.6000         -0.1500          0.6000
*                -0.1500         -0.6000          0.1500         -0.6000
CBEAM         13       3       3       4  0.0000  0.0000 -1.0000
PBEAM*                 4               1        0.005984      0.00011521
*              0.0010008          0.0000       0.0005580          0.0000
*                 0.1500          0.6000         -0.1500          0.6000
*                -0.1500         -0.6000          0.1500         -0.6000
*                    YES           1.000        0.005967      0.00011422
*             0.00099226          0.0000       0.0005532          0.0000
*                 0.1496          0.5983         -0.1496          0.5983
*                -0.1496         -0.5983          0.1496         -0.5983
CBEAM         14       4       4       5  0.0000  0.0000 -1.0000
PBEAM*                 5               1        0.005967      0.00011422
*             0.00099226          0.0000       0.0005532          0.0000
*                 0.1496          0.5983         -0.1496          0.5983
*                -0.1496         -0.5983          0.1496         -0.5983
*                    YES           1.000        0.005048     6.9088E-005
*             0.00060108          0.0000       0.0003351          0.0000
*                 0.1266          0.5064         -0.1266          0.5064
*                -0.1266         -0.5064          0.1266         -0.5064
CBEAM         15       5       5       6  0.0205  0.0763 -0.9969
PBEAM*                 6               1        0.005048     6.9088E-005
*             0.00060108          0.0000       0.0003351          0.0000
*                 0.1266          0.5064         -0.1266          0.5064
*                -0.1266         -0.5064          0.1266         -0.5064
*                    YES           1.000        0.004806     5.9573E-005
*             0.00051855          0.0000       0.0002891          0.0000
*                 0.1205          0.4822         -0.1205          0.4822
*                -0.1205         -0.4822          0.1205         -0.4822
CBEAM         16       6       6       7  0.0000  0.0872 -0.9962
PBEAM*                 7               1        0.004806     5.9573E-005
*             0.00051855          0.0000       0.0002891          0.0000
*                 0.1205          0.4822         -0.1205          0.4822
*                -0.1205         -0.4822          0.1205         -0.4822
*                    YES           1.000        0.004563     5.0973E-005
*             0.00044394          0.0000       0.0002475          0.0000
*                 0.1145          0.4579         -0.1145          0.4579
*                -0.1145         -0.4579          0.1145         -0.4579
CBEAM         17       7       7       8 -0.0000  0.0872 -0.9962
PBEAM*                 8               1        0.004563     5.0973E-005
*             0.00044394          0.0000       0.0002475          0.0000
*                 0.1145          0.4579         -0.1145          0.4579
*                -0.1145         -0.4579          0.1145         -0.4579
*                    YES           1.000        0.004321     4.3244E-005
*             0.00037685          0.0000       0.0002100          0.0000
*                 0.1084          0.4337         -0.1084          0.4337
*                -0.1084         -0.4337          0.1084         -0.4337
CBEAM         18       8       8       9  0.0000  0.0872 -0.9962
PBEAM*                 9               1        0.004321     4.3244E-005
*             0.00037685          0.0000       0.0002100          0.0000
*                 0.1084          0.4337         -0.1084          0.4337
*                -0.1084         -0.4337          0.1084         -0.4337
*                    YES           1.000        0.004078     3.6339E-005
*             0.00031689          0.0000       0.0001766          0.0000
*                 0.1024          0.4094         -0.1024          0.4094
*                -0.1024         -0.4094          0.1024         -0.4094
CBEAM         19       9       9      10 -0.0000  0.0872 -0.9962
PBEAM*                10               1        0.004078     3.6339E-005
*             0.00031689          0.0000       0.0001766          0.0000
*                 0.1024          0.4094         -0.1024          0.4094
*                -0.1024         -0.4094          0.1024         -0.4094
*                    YES           1.000        0.003835     3.0211E-005
*             0.00026365          0.0000       0.0001469          0.0000
*                0.09629          0.3851        -0.09629          0.3851
*               -0.09629         -0.3851         0.09629         -0.3851
CBEAM         20      10      10      11  0.0000  0.0872 -0.9962
PBEAM*                11               1        0.003835     3.0211E-005
*             0.00026365          0.0000       0.0001469          0.0000
*                0.09629          0.3851        -0.09629          0.3851
*               -0.09629         -0.3851         0.09629         -0.3851
*                    YES           1.000        0.003564     2.4227E-005
*             0.00021164          0.0000       0.0001179          0.0000
*                0.08951          0.3580        -0.08951          0.3580
*               -0.08951         -0.3580         0.08951         -0.3580
CBEAM         21      11      11      12  0.0000  0.0872 -0.9962
PBEAM*                12               1        0.003564     2.4227E-005
*             0.00021164          0.0000       0.0001179          0.0000
*                0.08951          0.3580        -0.08951          0.3580
*               -0.08951         -0.3580         0.08951         -0.3580
*                    YES           1.000        0.003400     2.1019E-005
*             0.00018373          0.0000       0.0001024          0.0000
*                0.08541          0.3416        -0.08541          0.3416
*               -0.08541         -0.3416         0.08541         -0.3416
CBEAM         22      12      12      13  0.0082  0.1168 -0.9931
PBEAM*                13               1        0.003400     2.1019E-005
*             0.00018373          0.0000       0.0001024          0.0000
*                0.08541          0.3416        -0.08541          0.3416
*               -0.08541         -0.3416         0.08541         -0.3416
*                    YES           1.000        0.003361     2.0292E-005
*             0.00017741          0.0000      9.885E-005          0.0000
*                0.08442          0.3377        -0.08442          0.3377
*               -0.08442         -0.3377         0.08442         -0.3377
CBEAM         23      13      13      14  0.0000  0.1219 -0.9925
PBEAM*                14               1        0.003361     2.0292E-005
*             0.00017741          0.0000      9.885E-005          0.0000
*                0.08442          0.3377        -0.08442          0.3377
*               -0.08442         -0.3377         0.08442         -0.3377
*                    YES           1.000        0.003321     1.9581E-005
*             0.00017123          0.0000      9.541E-005          0.0000
*                0.08343          0.3337        -0.08343          0.3337
*               -0.08343         -0.3337         0.08343         -0.3337
CBEAM         24      14      14      15  0.0000  0.1219 -0.9925
PBEAM*                15               1        0.003321     1.9581E-005
*             0.00017123          0.0000      9.541E-005          0.0000
*                0.08343          0.3337        -0.08343          0.3337
*               -0.08343         -0.3337         0.08343         -0.3337
*                    YES           1.000        0.003282     1.8888E-005
*             0.00016520          0.0000      9.204E-005          0.0000
*                0.08244          0.3298        -0.08244          0.3298
*               -0.08244         -0.3298         0.08244         -0.3298
CBEAM         25      15      15      16 -0.0000  0.1219 -0.9925
PBEAM*                16               1        0.003282     1.8888E-005
*             0.00016520          0.0000      9.204E-005          0.0000
*                0.08244          0.3298        -0.08244          0.3298
*               -0.08244         -0.3298         0.08244         -0.3298
*                    YES           1.000        0.003242     1.8211E-005
*             0.00015931          0.0000      8.876E-005          0.0000
*                0.08146          0.3258        -0.08146          0.3258
*               -0.08146         -0.3258         0.08146         -0.3258
CBEAM         26      16      16      17 -0.0000  0.1219 -0.9925
PBEAM*                17               1        0.003242     1.8211E-005
*             0.00015931          0.0000      8.876E-005          0.0000
*                0.08146          0.3258        -0.08146          0.3258
*               -0.08146         -0.3258         0.08146         -0.3258
*                    YES           1.000        0.003203     1.7551E-005
*             0.00015356          0.0000      8.556E-005          0.0000
*                0.08047          0.3219        -0.08047          0.3219
*               -0.08047         -0.3219         0.08047         -0.3219
CBEAM         27      17      17      18  0.0000  0.1219 -0.9925
PBEAM*                18               1        0.003203     1.7551E-005
*             0.00015356          0.0000      8.556E-005          0.0000
*                0.08047          0.3219        -0.08047          0.3219
*               -0.08047         -0.3219         0.08047         -0.3219
*                    YES           1.000        0.003163     1.6907E-005
*             0.00014795          0.0000      8.243E-005          0.0000
*                0.07948          0.3179        -0.07948          0.3179
*               -0.07948         -0.3179         0.07948         -0.3179
CBEAM         28      18      18      19  0.0000  0.1219 -0.9925
PBEAM*                19               1        0.003163     1.6907E-005
*             0.00014795          0.0000      8.243E-005          0.0000
*                0.07948          0.3179        -0.07948          0.3179
*               -0.07948         -0.3179         0.07948         -0.3179
*                    YES           1.000        0.003124     1.6279E-005
*             0.00014248          0.0000      7.938E-005          0.0000
*                0.07849          0.3140        -0.07849          0.3140
*               -0.07849         -0.3140         0.07849         -0.3140
CBEAM         29      19      19      20  0.0000  0.1219 -0.9925
PBEAM*                20               1        0.003124     1.6279E-005
*             0.00014248          0.0000      7.938E-005          0.0000
*                0.07849          0.3140        -0.07849          0.3140
*               -0.07849         -0.3140         0.07849         -0.3140
*                    YES           1.000        0.003084     1.5666E-005
*             0.00013715          0.0000      7.641E-005          0.0000
*                0.07751          0.3100        -0.07751          0.3100
*               -0.07751         -0.3100         0.07751         -0.3100
CBEAM         30      20      20      21  0.0000  0.1219 -0.9925
PBEAM*                21               1        0.003084     1.5666E-005
*             0.00013715          0.0000      7.641E-005          0.0000
*                0.07751          0.3100        -0.07751          0.3100
*               -0.07751         -0.3100         0.07751         -0.3100
*                    YES           1.000        0.003045     1.5069E-005
*             0.00013195          0.0000      7.351E-005          0.0000
*                0.07652          0.3061        -0.07652          0.3061
*               -0.07652         -0.3061         0.07652         -0.3061
CBEAM         31      21      21      22  0.0000  0.1219 -0.9925
PBEAM*                22               1        0.003045     1.5069E-005
*             0.00013195          0.0000      7.351E-005          0.0000
*                0.07652          0.3061        -0.07652          0.3061
*               -0.07652         -0.3061         0.07652         -0.3061
*                    YES           1.000        0.003005     1.4488E-005
*             0.00012688          0.0000      7.069E-005          0.0000
*                0.07553          0.3021        -0.07553          0.3021
*               -0.07553         -0.3021         0.07553         -0.3021
CBEAM         32      22      22      23  0.0000  0.1219 -0.9925
PBEAM*                23               1        0.003005     1.4488E-005
*             0.00012688          0.0000      7.069E-005          0.0000
*                0.07553          0.3021        -0.07553          0.3021
*               -0.07553         -0.3021         0.07553         -0.3021
*                    YES           1.000        0.002966     1.3921E-005
*             0.00012195          0.0000      6.794E-005          0.0000
*                0.07454          0.2982        -0.07454          0.2982
*               -0.07454         -0.2982         0.07454         -0.2982
CBEAM         33      23      23      24  0.0000  0.1219 -0.9925
PBEAM*                24               1        0.002966     1.3921E-005
*             0.00012195          0.0000      6.794E-005          0.0000
*                0.07454          0.2982        -0.07454          0.2982
*               -0.07454         -0.2982         0.07454         -0.2982
*                    YES           1.000        0.002926     1.3370E-005
*             0.00011715          0.0000      6.526E-005          0.0000
*                0.07356          0.2942        -0.07356          0.2942
*               -0.07356         -0.2942         0.07356         -0.2942
CBEAM         34      24      24      25 -0.0000  0.1219 -0.9925
PBEAM*                25               1        0.002926     1.3370E-005
*             0.00011715          0.0000      6.526E-005          0.0000
*                0.07356          0.2942        -0.07356          0.2942
*               -0.07356         -0.2942         0.07356         -0.2942
*                    YES           1.000        0.002887     1.2833E-005
*             0.00011247          0.0000      6.265E-005          0.0000
*                0.07257          0.2903        -0.07257          0.2903
*               -0.07257         -0.2903         0.07257         -0.2903
CBEAM         35      25      25      26  0.0000  0.1219 -0.9925
PBEAM*                26               1        0.002887     1.2833E-005
*             0.00011247          0.0000      6.265E-005          0.0000
*                0.07257          0.2903        -0.07257          0.2903
*               -0.07257         -0.2903         0.07257         -0.2903
*                    YES           1.000        0.002847     1.2311E-005
*             0.00010792          0.0000      6.012E-005          0.0000
*                0.07158          0.2863        -0.07158          0.2863
*               -0.07158         -0.2863         0.07158         -0.2863
CBEAM         36      26      26      27 -0.0000  0.1219 -0.9925
PBEAM*                27               1        0.002847     1.2311E-005
*             0.00010792          0.0000      6.012E-005          0.0000
*                0.07158          0.2863        -0.07158          0.2863
*               -0.07158         -0.2863         0.07158         -0.2863
*                    YES           1.000        0.002808     1.1803E-005
*             0.00010349          0.0000      5.765E-005          0.0000
*                0.07060          0.2824        -0.07060          0.2824
*               -0.07060         -0.2824         0.07060         -0.2824
CBEAM         37      27      27      28  0.0000  0.1219 -0.9925
PBEAM*                28               1        0.002808     1.1803E-005
*             0.00010349          0.0000      5.765E-005          0.0000
*                0.07060          0.2824        -0.07060          0.2824
*               -0.07060         -0.2824         0.07060         -0.2824
*                    YES           1.000        0.002768     1.1310E-005
*            9.9190E-005          0.0000      5.525E-005          0.0000
*                0.06961          0.2784        -0.06961          0.2784
*               -0.06961         -0.2784         0.06961         -0.2784
CBEAM         38      28      28      29  0.0000  0.1219 -0.9925
PBEAM*                29               1        0.002768     1.1310E-005
*            9.9190E-005          0.0000      5.525E-005          0.0000
*                0.06961          0.2784        -0.06961          0.2784
*               -0.06961         -0.2784         0.06961         -0.2784
*                    YES           1.000        0.002729     1.0830E-005
*            9.5007E-005          0.0000      5.292E-005          0.0000
*                0.06862          0.2745        -0.06862          0.2745
*               -0.06862         -0.2745         0.06862         -0.2745
CBEAM         39      29      29      30  0.0000  0.1219 -0.9925
PBEAM*                30               1        0.002729     1.0830E-005
*            9.5007E-005          0.0000      5.292E-005          0.0000
*                0.06862          0.2745        -0.06862          0.2745
*               -0.06862         -0.2745         0.06862         -0.2745
*                    YES           1.000        0.002689     1.0364E-005
*            9.0944E-005          0.0000      5.065E-005          0.0000
*                0.06763          0.2705        -0.06763          0.2705
*               -0.06763         -0.2705         0.06763         -0.2705
CBEAM         40      30      30      31 -0.0000  0.1219 -0.9925
PBEAM*                31               1        0.002689     1.0364E-005
*            9.0944E-005          0.0000      5.065E-005          0.0000
*                0.06763          0.2705        -0.06763          0.2705
*               -0.06763         -0.2705         0.06763         -0.2705
*                    YES           1.000        0.002650     9.9116E-006
*            8.6999E-005          0.0000      4.846E-005          0.0000
*                0.06665          0.2666        -0.06665          0.2666
*               -0.06665         -0.2666         0.06665         -0.2666
CBEAM         41      31      31      32  0.0000  0.1219 -0.9925
PBEAM*                32               1        0.002650     9.9116E-006
*            8.6999E-005          0.0000      4.846E-005          0.0000
*                0.06665          0.2666        -0.06665          0.2666
*               -0.06665         -0.2666         0.06665         -0.2666
*                    YES           1.000        0.002573     9.0743E-006
*            7.9693E-005          0.0000      4.438E-005          0.0000
*                0.06474          0.2589        -0.06474          0.2589
*               -0.06474         -0.2589         0.06474         -0.2589
CBEAM         42      32      32      33  0.0000  0.1219 -0.9925
PBEAM*                33               1        0.002573     9.0743E-006
*            7.9693E-005          0.0000      4.438E-005          0.0000
*                0.06474          0.2589        -0.06474          0.2589
*               -0.06474         -0.2589         0.06474         -0.2589
*                    YES           1.000        0.002585     9.1931E-006
*            8.0730E-005          0.0000      4.496E-005          0.0000
*                0.06501          0.2601        -0.06501          0.2601
*               -0.06501         -0.2601         0.06501         -0.2601
CBEAM         43      33      33      34  0.1433  0.5620 -0.8146
PBEAM*                34               1        0.002585     9.1931E-006
*            8.0730E-005          0.0000      4.496E-005          0.0000
*                0.06501          0.2601        -0.06501          0.2601
*               -0.06501         -0.2601         0.06501         -0.2601
*                    YES           1.000        0.002557     8.9044E-006
*            7.8211E-005          0.0000      4.356E-005          0.0000
*                0.06433          0.2573        -0.06433          0.2573
*               -0.06433         -0.2573         0.06433         -0.2573
CBEAM         44      34      34      35  0.0000  0.6428 -0.7660
PBEAM*                35               1        0.002557     8.9044E-006
*            7.8211E-005          0.0000      4.356E-005          0.0000
*                0.06433          0.2573        -0.06433          0.2573
*               -0.06433         -0.2573         0.06433         -0.2573
*                    YES           1.000        0.002585     9.1931E-006
*            8.0730E-005          0.0000      4.496E-005          0.0000
*                0.06501          0.2601        -0.06501          0.2601
*               -0.06501         -0.2601         0.06501         -0.2601
CBEAM         45      35      35      36  0.1274  0.9005 -0.4158
PBEAM*                36               1        0.002585     9.1931E-006
*            8.0730E-005          0.0000      4.496E-005          0.0000
*                0.06501          0.2601        -0.06501          0.2601
*               -0.06501         -0.2601         0.06501         -0.2601
*                    YES           1.000        0.002573     9.0659E-006
*            7.9620E-005          0.0000      4.434E-005          0.0000
*                0.06472          0.2589        -0.06472          0.2589
*               -0.06472         -0.2589         0.06472         -0.2589
CBEAM         46      36      36      37 -0.0000  0.9397 -0.3420
PBEAM*                37               1        0.002573     9.0659E-006
*            7.9620E-005          0.0000      4.434E-005          0.0000
*                0.06472          0.2589        -0.06472          0.2589
*               -0.06472         -0.2589         0.06472         -0.2589
*                    YES           1.000        0.002585     9.1931E-006
*            8.0730E-005          0.0000      4.496E-005          0.0000
*                0.06501          0.2601        -0.06501          0.2601
*               -0.06501         -0.2601         0.06501         -0.2601
CBEAM         47      37      37      38  0.0819  0.9952 -0.0532
PBEAM*                38               1        0.002585     9.1931E-006
*            8.0730E-005          0.0000      4.496E-005          0.0000
*                0.06501          0.2601        -0.06501          0.2601
*               -0.06501         -0.2601         0.06501         -0.2601
*                    YES           1.000        0.002585     9.1931E-006
*            8.0730E-005          0.0000      4.496E-005          0.0000
*                0.06501          0.2601        -0.06501          0.2601
*               -0.06501         -0.2601         0.06501         -0.2601
CBEAM         48      38      38      39 -0.0000  1.0000  0.0000
PBEAM*                39               1        0.002585     9.1931E-006
*            8.0730E-005          0.0000      4.496E-005          0.0000
*                0.06501          0.2601        -0.06501          0.2601
*               -0.06501         -0.2601         0.06501         -0.2601
*                    YES           1.000        0.002573     9.0659E-006
*            7.9620E-005          0.0000      4.434E-005          0.0000
*                0.06472          0.2589        -0.06472          0.2589
*               -0.06472         -0.2589         0.06472         -0.2589
CBEAM         49      39      39      40 -0.0000  1.0000  0.0000
PBEAM*                40               1        0.002573     9.0659E-006
*            7.9620E-005          0.0000      4.434E-005          0.0000
*                0.06472          0.2589        -0.06472          0.2589
*               -0.06472         -0.2589         0.06472         -0.2589
*                    YES           1.000        0.002585     9.1931E-006
*            8.0730E-005          0.0000      4.496E-005          0.0000
*                0.06501          0.2601        -0.06501          0.2601
*               -0.06501         -0.2601         0.06501         -0.2601
CBEAM         50      40      40      41  0.0819  0.9534  0.2904
PBEAM*                41               1        0.002585     9.1931E-006
*            8.0730E-005          0.0000      4.496E-005          0.0000
*                0.06501          0.2601        -0.06501          0.2601
*               -0.06501         -0.2601         0.06501         -0.2601
*                    YES           1.000        0.002557     8.9044E-006
*            7.8211E-005          0.0000      4.356E-005          0.0000
*                0.06433          0.2573        -0.06433          0.2573
*               -0.06433         -0.2573         0.06433         -0.2573
CBEAM         51      41      41      42  0.0000  0.9397  0.3420
PBEAM*                42               1        0.002557     8.9044E-006
*            7.8211E-005          0.0000      4.356E-005          0.0000
*                0.06433          0.2573        -0.06433          0.2573
*               -0.06433         -0.2573         0.06433         -0.2573
*                    YES           1.000        0.002585     9.1931E-006
*            8.0730E-005          0.0000      4.496E-005          0.0000
*                0.06501          0.2601        -0.06501          0.2601
*               -0.06501         -0.2601         0.06501         -0.2601
CBEAM         52      42      42      43  0.1274  0.6987  0.7040
PBEAM*                43               1        0.002585     9.1931E-006
*            8.0730E-005          0.0000      4.496E-005          0.0000
*                0.06501          0.2601        -0.06501          0.2601
*               -0.06501         -0.2601         0.06501         -0.2601
*                    YES           1.000        0.002543     8.7570E-006
*            7.6925E-005          0.0000      4.284E-005          0.0000
*                0.06398          0.2559        -0.06398          0.2559
*               -0.06398         -0.2559         0.06398         -0.2559
CBEAM         53      43      43      44  0.0000  0.6428  0.7660
PBEAM*                44               1        0.002543     8.7570E-006
*            7.6925E-005          0.0000      4.284E-005          0.0000
*                0.06398          0.2559        -0.06398          0.2559
*               -0.06398         -0.2559         0.06398         -0.2559
*                    YES           1.000        0.002600     9.3651E-006
*            8.2231E-005          0.0000      4.580E-005          0.0000
*                0.06541          0.2616        -0.06541          0.2616
*               -0.06541         -0.2616         0.06541         -0.2616
CBEAM         54      44      44      45  0.1449  0.2176  0.9652
PBEAM*                45               1        0.002600     9.3651E-006
*            8.2231E-005          0.0000      4.580E-005          0.0000
*                0.06541          0.2616        -0.06541          0.2616
*               -0.06541         -0.2616         0.06541         -0.2616
*                    YES           1.000        0.002652     9.9337E-006
*            8.7191E-005          0.0000      4.856E-005          0.0000
*                0.06669          0.2668        -0.06669          0.2668
*               -0.06669         -0.2668         0.06669         -0.2668
CBEAM         55      45      45      46  0.0000  0.1219  0.9925
PBEAM*                46               1        0.002652     9.9337E-006
*            8.7191E-005          0.0000      4.856E-005          0.0000
*                0.06669          0.2668        -0.06669          0.2668
*               -0.06669         -0.2668         0.06669         -0.2668
*                    YES           1.000        0.002703     1.0525E-005
*            9.2347E-005          0.0000      5.144E-005          0.0000
*                0.06798          0.2719        -0.06798          0.2719
*               -0.06798         -0.2719         0.06798         -0.2719
CBEAM         56      46      46      47  0.0000  0.1219  0.9925
PBEAM*                47               1        0.002703     1.0525E-005
*            9.2347E-005          0.0000      5.144E-005          0.0000
*                0.06798          0.2719        -0.06798          0.2719
*               -0.06798         -0.2719         0.06798         -0.2719
*                    YES           1.000        0.002754     1.1139E-005
*            9.7702E-005          0.0000      5.442E-005          0.0000
*                0.06926          0.2770        -0.06926          0.2770
*               -0.06926         -0.2770         0.06926         -0.2770
CBEAM         57      47      47      48  0.0000  0.1219  0.9925
PBEAM*                48               1        0.002754     1.1139E-005
*            9.7702E-005          0.0000      5.442E-005          0.0000
*                0.06926          0.2770        -0.06926          0.2770
*               -0.06926         -0.2770         0.06926         -0.2770
*                    YES           1.000        0.002806     1.1776E-005
*             0.00010326          0.0000      5.752E-005          0.0000
*                0.07054          0.2822        -0.07054          0.2822
*               -0.07054         -0.2822         0.07054         -0.2822
CBEAM         58      48      48      49  0.0000  0.1219  0.9925
PBEAM*                49               1        0.002806     1.1776E-005
*             0.00010326          0.0000      5.752E-005          0.0000
*                0.07054          0.2822        -0.07054          0.2822
*               -0.07054         -0.2822         0.07054         -0.2822
*                    YES           1.000        0.002857     1.2438E-005
*             0.00010903          0.0000      6.073E-005          0.0000
*                0.07183          0.2873        -0.07183          0.2873
*               -0.07183         -0.2873         0.07183         -0.2873
CBEAM         59      49      49      50  0.0000  0.1219  0.9925
PBEAM*                50               1        0.002857     1.2438E-005
*             0.00010903          0.0000      6.073E-005          0.0000
*                0.07183          0.2873        -0.07183          0.2873
*               -0.07183         -0.2873         0.07183         -0.2873
*                    YES           1.000        0.002908     1.3124E-005
*             0.00011500          0.0000      6.406E-005          0.0000
*                0.07311          0.2924        -0.07311          0.2924
*               -0.07311         -0.2924         0.07311         -0.2924
CBEAM         60      50      50      51  0.0000  0.1219  0.9925
PBEAM*                51               1        0.002908     1.3124E-005
*             0.00011500          0.0000      6.406E-005          0.0000
*                0.07311          0.2924        -0.07311          0.2924
*               -0.07311         -0.2924         0.07311         -0.2924
*                    YES           1.000        0.002960     1.3834E-005
*             0.00012119          0.0000      6.751E-005          0.0000
*                0.07439          0.2976        -0.07439          0.2976
*               -0.07439         -0.2976         0.07439         -0.2976
CBEAM         61      51      51      52  0.0000  0.1219  0.9925
PBEAM*                52               1        0.002960     1.3834E-005
*             0.00012119          0.0000      6.751E-005          0.0000
*                0.07439          0.2976        -0.07439          0.2976
*               -0.07439         -0.2976         0.07439         -0.2976
*                    YES           1.000        0.003011     1.4570E-005
*             0.00012760          0.0000      7.108E-005          0.0000
*                0.07567          0.3027        -0.07567          0.3027
*               -0.07567         -0.3027         0.07567         -0.3027
CBEAM         62      52      52      53  0.0000  0.1219  0.9925
PBEAM*                53               1        0.003011     1.4570E-005
*             0.00012760          0.0000      7.108E-005          0.0000
*                0.07567          0.3027        -0.07567          0.3027
*               -0.07567         -0.3027         0.07567         -0.3027
*                    YES           1.000        0.003062     1.5331E-005
*             0.00013423          0.0000      7.478E-005          0.0000
*                0.07696          0.3078        -0.07696          0.3078
*               -0.07696         -0.3078         0.07696         -0.3078
CBEAM         63      53      53      54  0.0000  0.1219  0.9925
PBEAM*                54               1        0.003062     1.5331E-005
*             0.00013423          0.0000      7.478E-005          0.0000
*                0.07696          0.3078        -0.07696          0.3078
*               -0.07696         -0.3078         0.07696         -0.3078
*                    YES           1.000        0.003114     1.6118E-005
*             0.00014109          0.0000      7.860E-005          0.0000
*                0.07824          0.3130        -0.07824          0.3130
*               -0.07824         -0.3130         0.07824         -0.3130
CBEAM         64      54      54      55  0.0000  0.1219  0.9925
PBEAM*                55               1        0.003114     1.6118E-005
*             0.00014109          0.0000      7.860E-005          0.0000
*                0.07824          0.3130        -0.07824          0.3130
*               -0.07824         -0.3130         0.07824         -0.3130
*                    YES           1.000        0.003165     1.6932E-005
*             0.00014817          0.0000      8.255E-005          0.0000
*                0.07952          0.3181        -0.07952          0.3181
*               -0.07952         -0.3181         0.07952         -0.3181
CBEAM         65      55      55      56  0.0000  0.1219  0.9925
PBEAM*                56               1        0.003165     1.6932E-005
*             0.00014817          0.0000      8.255E-005          0.0000
*                0.07952          0.3181        -0.07952          0.3181
*               -0.07952         -0.3181         0.07952         -0.3181
*                    YES           1.000        0.003216     1.7773E-005
*             0.00015549          0.0000      8.663E-005          0.0000
*                0.08080          0.3232        -0.08080          0.3232
*               -0.08080         -0.3232         0.08080         -0.3232
CBEAM         66      56      56      57  0.0000  0.1219  0.9925
PBEAM*                57               1        0.003216     1.7773E-005
*             0.00015549          0.0000      8.663E-005          0.0000
*                0.08080          0.3232        -0.08080          0.3232
*               -0.08080         -0.3232         0.08080         -0.3232
*                    YES           1.000        0.003267     1.8641E-005
*             0.00016305          0.0000      9.084E-005          0.0000
*                0.08209          0.3283        -0.08209          0.3283
*               -0.08209         -0.3283         0.08209         -0.3283
CBEAM         67      57      57      58  0.0000  0.1219  0.9925
PBEAM*                58               1        0.003267     1.8641E-005
*             0.00016305          0.0000      9.084E-005          0.0000
*                0.08209          0.3283        -0.08209          0.3283
*               -0.08209         -0.3283         0.08209         -0.3283
*                    YES           1.000        0.003319     1.9537E-005
*             0.00017085          0.0000      9.519E-005          0.0000
*                0.08337          0.3335        -0.08337          0.3335
*               -0.08337         -0.3335         0.08337         -0.3335
CBEAM         68      58      58      59  0.0000  0.1219  0.9925
PBEAM*                59               1        0.003319     1.9537E-005
*             0.00017085          0.0000      9.519E-005          0.0000
*                0.08337          0.3335        -0.08337          0.3335
*               -0.08337         -0.3335         0.08337         -0.3335
*                    YES           1.000        0.003370     2.0462E-005
*             0.00017889          0.0000      9.967E-005          0.0000
*                0.08465          0.3386        -0.08465          0.3386
*               -0.08465         -0.3386         0.08465         -0.3386
CBEAM         69      59      59      60 -0.0000  0.1219  0.9925
PBEAM*                60               1        0.003370     2.0462E-005
*             0.00017889          0.0000      9.967E-005          0.0000
*                0.08465          0.3386        -0.08465          0.3386
*               -0.08465         -0.3386         0.08465         -0.3386
*                    YES           1.000        0.003421     2.1415E-005
*             0.00018718          0.0000       0.0001043          0.0000
*                0.08593          0.3437        -0.08593          0.3437
*               -0.08593         -0.3437         0.08593         -0.3437
CBEAM         70      60      60      61  0.0000  0.1219  0.9925
PBEAM*                61               1        0.003421     2.1415E-005
*             0.00018718          0.0000       0.0001043          0.0000
*                0.08593          0.3437        -0.08593          0.3437
*               -0.08593         -0.3437         0.08593         -0.3437
*                    YES           1.000        0.003473     2.2397E-005
*             0.00019572          0.0000       0.0001091          0.0000
*                0.08722          0.3489        -0.08722          0.3489
*               -0.08722         -0.3489         0.08722         -0.3489
CBEAM         71      61      61      62  0.0000  0.1219  0.9925
PBEAM*                62               1        0.003473     2.2397E-005
*             0.00019572          0.0000       0.0001091          0.0000
*                0.08722          0.3489        -0.08722          0.3489
*               -0.08722         -0.3489         0.08722         -0.3489
*                    YES           1.000        0.003524     2.3408E-005
*             0.00020452          0.0000       0.0001140          0.0000
*                0.08850          0.3540        -0.08850          0.3540
*               -0.08850         -0.3540         0.08850         -0.3540
CBEAM         72      62      62      63  0.0000  0.1219  0.9925
PBEAM*                63               1        0.003524     2.3408E-005
*             0.00020452          0.0000       0.0001140          0.0000
*                0.08850          0.3540        -0.08850          0.3540
*               -0.08850         -0.3540         0.08850         -0.3540
*                    YES           1.000        0.003575     2.4450E-005
*             0.00021358          0.0000       0.0001190          0.0000
*                0.08978          0.3591        -0.08978          0.3591
*               -0.08978         -0.3591         0.08978         -0.3591
CBEAM         73      63      63      64  0.0000  0.1219  0.9925
PBEAM*                64               1        0.003575     2.4450E-005
*             0.00021358          0.0000       0.0001190          0.0000
*                0.08978          0.3591        -0.08978          0.3591
*               -0.08978         -0.3591         0.08978         -0.3591
*                    YES           1.000        0.003627     2.5522E-005
*             0.00022290          0.0000       0.0001242          0.0000
*                0.09106          0.3643        -0.09106          0.3643
*               -0.09106         -0.3643         0.09106         -0.3643
CBEAM         74      64      64      65 -0.0000  0.1219  0.9925
PBEAM*                65               1        0.003627     2.5522E-005
*             0.00022290          0.0000       0.0001242          0.0000
*                0.09106          0.3643        -0.09106          0.3643
*               -0.09106         -0.3643         0.09106         -0.3643
*                    YES           1.000        0.003678     2.6625E-005
*             0.00023249          0.0000       0.0001296          0.0000
*                0.09235          0.3694        -0.09235          0.3694
*               -0.09235         -0.3694         0.09235         -0.3694
CBEAM         75      65      65      66 -0.0000  0.1219  0.9925
PBEAM*                66               1        0.003678     2.6625E-005
*             0.00023249          0.0000       0.0001296          0.0000
*                0.09235          0.3694        -0.09235          0.3694
*               -0.09235         -0.3694         0.09235         -0.3694
*                    YES           1.000        0.003729     2.7760E-005
*             0.00024235          0.0000       0.0001351          0.0000
*                0.09363          0.3745        -0.09363          0.3745
*               -0.09363         -0.3745         0.09363         -0.3745
CBEAM         76      66      66      67 -0.0000  0.1219  0.9925
PBEAM*                67               1        0.003729     2.7760E-005
*             0.00024235          0.0000       0.0001351          0.0000
*                0.09363          0.3745        -0.09363          0.3745
*               -0.09363         -0.3745         0.09363         -0.3745
*                    YES           1.000        0.003780     2.8926E-005
*             0.00025249          0.0000       0.0001407          0.0000
*                0.09491          0.3796        -0.09491          0.3796
*               -0.09491         -0.3796         0.09491         -0.3796
CBEAM         77      67      67      68  0.0000  0.1219  0.9925
PBEAM*                68               1        0.003780     2.8926E-005
*             0.00025249          0.0000       0.0001407          0.0000
*                0.09491          0.3796        -0.09491          0.3796
*               -0.09491         -0.3796         0.09491         -0.3796
*                    YES           1.000        0.004291     4.2371E-005
*             0.00036927          0.0000       0.0002058          0.0000
*                 0.1077          0.4307         -0.1077          0.4307
*                -0.1077         -0.4307          0.1077         -0.4307
CBEAM         78      68      68      69 -0.0000  0.1219  0.9925
PBEAM*                69               1        0.004291     4.2371E-005
*             0.00036927          0.0000       0.0002058          0.0000
*                 0.1077          0.4307         -0.1077          0.4307
*                -0.1077         -0.4307          0.1077         -0.4307
*                    YES           1.000        0.004726     5.6657E-005
*             0.00049325          0.0000       0.0002750          0.0000
*                 0.1186          0.4742         -0.1186          0.4742
*                -0.1186         -0.4742          0.1186         -0.4742
CBEAM         79      69      69      70  0.0123  0.0207  0.9997
PBEAM*                70               1        0.004726     5.6657E-005
*             0.00049325          0.0000       0.0002750          0.0000
*                 0.1186          0.4742         -0.1186          0.4742
*                -0.1186         -0.4742          0.1186         -0.4742
*                    YES           1.000        0.004974     6.6052E-005
*             0.00057475          0.0000       0.0003204          0.0000
*                 0.1247          0.4990         -0.1247          0.4990
*                -0.1247         -0.4990          0.1247         -0.4990
CBEAM         80      70      70      71  0.0000  0.0175  0.9998
PBEAM*                71               1        0.004974     6.6052E-005
*             0.00057475          0.0000       0.0003204          0.0000
*                 0.1247          0.4990         -0.1247          0.4990
*                -0.1247         -0.4990          0.1247         -0.4990
*                    YES           1.000        0.005221     7.6433E-005
*             0.00066476          0.0000       0.0003706          0.0000
*                 0.1309          0.5237         -0.1309          0.5237
*                -0.1309         -0.5237          0.1309         -0.5237
CBEAM         81      71      71      72  0.0000  0.0175  0.9998
PBEAM*                72               1        0.005221     7.6433E-005
*             0.00066476          0.0000       0.0003706          0.0000
*                 0.1309          0.5237         -0.1309          0.5237
*                -0.1309         -0.5237          0.1309         -0.5237
*                    YES           1.000        0.005468     8.7847E-005
*             0.00076371          0.0000       0.0004258          0.0000
*                 0.1371          0.5484         -0.1371          0.5484
*                -0.1371         -0.5484          0.1371         -0.5484
CBEAM         82      72      72      73  0.0000  0.0175  0.9998
PBEAM*                73               1        0.005468     8.7847E-005
*             0.00076371          0.0000       0.0004258          0.0000
*                 0.1371          0.5484         -0.1371          0.5484
*                -0.1371         -0.5484          0.1371         -0.5484
*                    YES           1.000        0.005715      0.00010035
*             0.00087202          0.0000       0.0004862          0.0000
*                 0.1433          0.5731         -0.1433          0.5731
*                -0.1433         -0.5731          0.1433         -0.5731
CBEAM         83      73      73      74  0.0000  0.0175  0.9998
PBEAM*                74               1        0.005715      0.00010035
*             0.00087202          0.0000       0.0004862          0.0000
*                 0.1433          0.5731         -0.1433          0.5731
*                -0.1433         -0.5731          0.1433         -0.5731
*                    YES           1.000        0.005963      0.00011398
*             0.00099012          0.0000       0.0005520          0.0000
*                 0.1495          0.5979         -0.1495          0.5979
*                -0.1495         -0.5979          0.1495         -0.5979
CBEAM         84      74      74      75  0.0000  0.0175  0.9998
PBEAM*                75               1        0.005963      0.00011398
*             0.00099012          0.0000       0.0005520          0.0000
*                 0.1495          0.5979         -0.1495          0.5979
*                -0.1495         -0.5979          0.1495         -0.5979
*                    YES           1.000        0.006210      0.00012879
*              0.0011184          0.0000       0.0006236          0.0000
*                 0.1556          0.6226         -0.1556          0.6226
*                -0.1556         -0.6226          0.1556         -0.6226
CBEAM         85      75      75      76  0.0000  0.0175  0.9998
PBEAM*                76               1        0.006210      0.00012879
*              0.0011184          0.0000       0.0006236          0.0000
*                 0.1556          0.6226         -0.1556          0.6226
*                -0.1556         -0.6226          0.1556         -0.6226
*                    YES           1.000        0.006682      0.00016052
*              0.0013932          0.0000       0.0007769          0.0000
*                 0.1674          0.6698         -0.1674          0.6698
*                -0.1674         -0.6698          0.1674         -0.6698
CBEAM         86      76      76      77  0.0000  0.0175  0.9998
GRID          78      10 12.7000  0.0000 -1.0000      10
GRID          79      10 15.7000  0.0000 -1.0000      10
RBE2          87       1  123456      78      79
GRID          80      10 12.7000  0.4938 -1.0000      10
GRID          81      10 15.7000  0.4938 -1.0000      10
RBE2          88       2  123456      80      81
GRID          82      10 12.7000  0.9875 -1.0000      10
GRID          83      10 15.7000  0.9875 -1.0000      10
RBE2          89       3  123456      82      83
GRID          84      10 12.7000  1.4813 -1.0000      10
GRID          85      10 15.7000  1.4813 -1.0000      10
RBE2          90       4  123456      84      85
GRID          86      10 13.0068  2.4456 -0.9588      10
GRID          87      10 15.7000  1.0193 -1.0000      10
RBE2          91       5  123456      86      87
GRID          88      10 13.2885  2.8777 -0.9210      10
GRID          89      10 15.7000  1.6042 -1.0000      10
RBE2          92       6  123456      88      89
GRID          90      10 13.5701  3.3098 -0.8832      10
GRID          91      10 15.7627  2.1545 -0.9843      10
RBE2          93       7  123456      90      91
GRID          92      10 13.8518  3.7419 -0.8454      10
GRID          93      10 15.9341  2.6447 -0.9414      10
RBE2          94       8  123456      92      93
GRID          94      10 14.1335  4.1740 -0.8076      10
GRID          95      10 16.1054  3.1349 -0.8985      10
RBE2          95       9  123456      94      95
GRID          96      10 14.4151  4.6060 -0.7698      10
GRID          97      10 16.2768  3.6251 -0.8556      10
RBE2          96      10  123456      96      97
GRID          98      10 14.6968  5.0381 -0.7320      10
GRID          99      10 16.4481  4.1153 -0.8127      10
RBE2          97      11  123456      98      99
GRID         100      10 15.0062  5.5113 -0.6779      10
GRID         101      10 16.5902  4.5217 -0.7772      10
RBE2          98      12  123456     100     101
GRID         102      10 15.2825  5.9337 -0.6260      10
GRID         103      10 16.7614  5.0117 -0.7343      10
RBE2          99      13  123456     102     103
GRID         104      10 15.5588  6.3560 -0.5741      10
GRID         105      10 16.9960  5.4606 -0.6841      10
RBE2         100      14  123456     104     105
GRID         106      10 15.8352  6.7784 -0.5223      10
GRID         107      10 17.2555  5.8935 -0.6309      10
RBE2         101      15  123456     106     107
GRID         108      10 16.1115  7.2007 -0.4704      10
GRID         109      10 17.5151  6.3263 -0.5778      10
RBE2         102      16  123456     108     109
GRID         110      10 16.3879  7.6231 -0.4186      10
GRID         111      10 17.7746  6.7591 -0.5247      10
RBE2         103      17  123456     110     111
GRID         112      10 16.6642  8.0455 -0.3667      10
GRID         113      10 18.0341  7.1919 -0.4715      10
RBE2         104      18  123456     112     113
GRID         114      10 16.9405  8.4678 -0.3149      10
GRID         115      10 18.2937  7.6248 -0.4184      10
RBE2         105      19  123456     114     115
GRID         116      10 17.2169  8.8902 -0.2630      10
GRID         117      10 18.5532  8.0576 -0.3652      10
RBE2         106      20  123456     116     117
GRID         118      10 17.4932  9.3125 -0.2111      10
GRID         119      10 18.8127  8.4904 -0.3121      10
RBE2         107      21  123456     118     119
GRID         120      10 17.7696  9.7349 -0.1593      10
GRID         121      10 19.0723  8.9233 -0.2589      10
RBE2         108      22  123456     120     121
GRID         122      10 18.0459 10.1572 -0.1074      10
GRID         123      10 19.3318  9.3561 -0.2058      10
RBE2         109      23  123456     122     123
GRID         124      10 18.3222 10.5796 -0.0556      10
GRID         125      10 19.5913  9.7889 -0.1526      10
RBE2         110      24  123456     124     125
GRID         126      10 18.5986 11.0020 -0.0037      10
GRID         127      10 19.8509 10.2218 -0.0995      10
RBE2         111      25  123456     126     127
GRID         128      10 18.8749 11.4243  0.0482      10
GRID         129      10 20.1104 10.6546 -0.0464      10
RBE2         112      26  123456     128     129
GRID         130      10 19.1513 11.8467  0.1000      10
GRID         131      10 20.3699 11.0874  0.0068      10
RBE2         113      27  123456     130     131
GRID         132      10 19.4276 12.2690  0.1519      10
GRID         133      10 20.6295 11.5202  0.0599      10
RBE2         114      28  123456     132     133
GRID         134      10 19.7040 12.6914  0.2037      10
GRID         135      10 20.8890 11.9531  0.1131      10
RBE2         115      29  123456     134     135
GRID         136      10 19.9803 13.1137  0.2556      10
GRID         137      10 21.1485 12.3859  0.1662      10
RBE2         116      30  123456     136     137
GRID         138      10 20.2566 13.5361  0.3075      10
GRID         139      10 21.4081 12.8187  0.2194      10
RBE2         117      31  123456     138     139
GRID         140      10 20.5330 13.9584  0.3593      10
GRID         141      10 21.6676 13.2516  0.2725      10
RBE2         118      32  123456     140     141
GRID         142      10 20.8137 14.3233  0.5596      10
GRID         143      10 21.8867 13.6169  0.3174      10
RBE2         119      33  123456     142     143
GRID         144      10 21.0829 14.6409  0.8260      10
GRID         145      10 22.1730 14.0944  0.3760      10
RBE2         120      34  123456     144     145
GRID         146      10 21.3521 14.8383  1.1766      10
GRID         147      10 22.4139 14.3821  0.6089      10
RBE2         121      35  123456     146     147
GRID         148      10 21.6227 14.9809  1.5682      10
GRID         149      10 22.7127 14.7345  0.9046      10
RBE2         122      36  123456     148     149
GRID         150      10 21.8933 15.0265  1.9768      10
GRID         151      10 22.9716 14.8747  1.2766      10
RBE2         123      37  123456     150     151
GRID         152      10 22.1294 15.0265  2.3404      10
GRID         153      10 23.2181 15.0046  1.6333      10
RBE2         124      38  123456     152     153
GRID         154      10 22.3655 15.0265  2.7039      10
GRID         155      10 23.4560 15.0265  1.9957      10
RBE2         125      39  123456     154     155
GRID         156      10 22.6015 14.9296  3.0503      10
GRID         157      10 23.6798 15.0265  2.3404      10
RBE2         126      40  123456     156     157
GRID         158      10 22.8722 14.7871  3.4419      10
GRID         159      10 23.9624 15.0265  2.7755      10
RBE2         127      41  123456     158     159
GRID         160      10 23.1428 14.5244  3.7494      10
GRID         161      10 24.2046 14.9019  3.1264      10
RBE2         128      42  123456     160     161
GRID         162      10 23.4120 14.2069  4.0158      10
GRID         163      10 24.5018 14.7454  3.5565      10
RBE2         129      43  123456     162     163
GRID         164      10 23.6871 13.8162  4.1358      10
GRID         165      10 24.7270 14.4845  3.7828      10
RBE2         130      44  123456     164     165
GRID         166      10 23.9610 13.3975  4.1872      10
GRID         167      10 25.0355 14.1207  4.0882      10
RBE2         131      45  123456     166     167
GRID         168      10 24.2349 12.9788  4.2386      10
GRID         169      10 25.3310 13.7178  4.1479      10
RBE2         132      46  123456     168     169
GRID         170      10 24.5089 12.5602  4.2900      10
GRID         171      10 25.6260 13.3133  4.1976      10
RBE2         133      47  123456     170     171
GRID         172      10 24.7828 12.1415  4.3415      10
GRID         173      10 25.9211 12.9089  4.2472      10
RBE2         134      48  123456     172     173
GRID         174      10 25.0567 11.7228  4.3929      10
GRID         175      10 26.2161 12.5044  4.2969      10
RBE2         135      49  123456     174     175
GRID         176      10 25.3307 11.3041  4.4443      10
GRID         177      10 26.5111 12.0999  4.3466      10
RBE2         136      50  123456     176     177
GRID         178      10 25.6046 10.8854  4.4957      10
GRID         179      10 26.8061 11.6954  4.3962      10
RBE2         137      51  123456     178     179
GRID         180      10 25.8785 10.4668  4.5471      10
GRID         181      10 27.1011 11.2910  4.4459      10
RBE2         138      52  123456     180     181
GRID         182      10 26.1525 10.0481  4.5985      10
GRID         183      10 27.3961 10.8865  4.4955      10
RBE2         139      53  123456     182     183
GRID         184      10 26.4264  9.6294  4.6499      10
GRID         185      10 27.6911 10.4820  4.5452      10
RBE2         140      54  123456     184     185
GRID         186      10 26.7003  9.2107  4.7013      10
GRID         187      10 27.9862 10.0776  4.5949      10
RBE2         141      55  123456     186     187
GRID         188      10 26.9743  8.7921  4.7527      10
GRID         189      10 28.2812  9.6731  4.6445      10
RBE2         142      56  123456     188     189
GRID         190      10 27.2482  8.3734  4.8041      10
GRID         191      10 28.5762  9.2686  4.6942      10
RBE2         143      57  123456     190     191
GRID         192      10 27.5222  7.9547  4.8555      10
GRID         193      10 28.8712  8.8642  4.7439      10
RBE2         144      58  123456     192     193
GRID         194      10 27.7961  7.5360  4.9069      10
GRID         195      10 29.1662  8.4597  4.7935      10
RBE2         145      59  123456     194     195
GRID         196      10 28.0700  7.1173  4.9583      10
GRID         197      10 29.4612  8.0552  4.8432      10
RBE2         146      60  123456     196     197
GRID         198      10 28.3440  6.6987  5.0097      10
GRID         199      10 29.7562  7.6508  4.8928      10
RBE2         147      61  123456     198     199
GRID         200      10 28.6179  6.2800  5.0612      10
GRID         201      10 30.0513  7.2463  4.9425      10
RBE2         148      62  123456     200     201
GRID         202      10 28.8918  5.8613  5.1126      10
GRID         203      10 30.3463  6.8418  4.9922      10
RBE2         149      63  123456     202     203
GRID         204      10 29.1658  5.4426  5.1640      10
GRID         205      10 30.6413  6.4374  5.0418      10
RBE2         150      64  123456     204     205
GRID         206      10 29.4397  5.0239  5.2154      10
GRID         207      10 30.9363  6.0329  5.0915      10
RBE2         151      65  123456     206     207
GRID         208      10 29.7136  4.6053  5.2668      10
GRID         209      10 31.2313  5.6284  5.1412      10
RBE2         152      66  123456     208     209
GRID         210      10 29.9876  4.1866  5.3182      10
GRID         211      10 31.5263  5.2240  5.1908      10
RBE2         153      67  123456     210     211
GRID         212      10 30.2542  3.7627  5.3680      10
GRID         213      10 31.8213  4.8195  5.2405      10
RBE2         154      68  123456     212     213
GRID         214      10 30.2884  3.5466  5.3717      10
GRID         215      10 32.3496  4.0952  5.3294      10
RBE2         155      69  123456     214     215
GRID         216      10 30.3654  3.0604  5.3802      10
GRID         217      10 32.6282  3.6633  5.3697      10
RBE2         156      70  123456     216     217
GRID         218      10 30.4424  2.5741  5.3887      10
GRID         219      10 32.8232  3.2085  5.3776      10
RBE2         157      71  123456     218     219
GRID         220      10 30.5194  2.0879  5.3972      10
GRID         221      10 33.0182  2.7538  5.3856      10
RBE2         158      72  123456     220     221
GRID         222      10 30.5965  1.6017  5.4057      10
GRID         223      10 33.2132  2.2990  5.3935      10
RBE2         159      73  123456     222     223
GRID         224      10 30.6735  1.1155  5.4142      10
GRID         225      10 33.4082  1.8442  5.4014      10
RBE2         160      74  123456     224     225
GRID         226      10 30.7505  0.6293  5.4226      10
GRID         227      10 33.6032  1.3894  5.4094      10
RBE2         161      75  123456     226     227
GRID         228      10 30.8275  0.1431  5.4311      10
GRID         229      10 33.7982  0.9347  5.4173      10
RBE2         162      76  123456     228     229
GRID         230      10 30.8503 -0.0006  5.4336      10
GRID         231      10 34.1992 -0.0006  5.4336      10
RBE2         163      77  123456     230     231
