$-------2-------3-------4-------5-------6-------7-------8-------9-------10
$Coordinates System for Aerodynamic Body
CORD2R       101       0  0.0000  0.0000 -0.0398  0.0000  0.0000  0.9602
          1.0000  0.0000  0.9602
$Aerodynamic Body
CAEROB  1       0.0000  0.0000  -0.0398 101     37.57   75      1       
        0       0       0.01351 0.7598  0.02703 1.028   0.04054 1.237   
        0.05406 1.426   0.06757 1.6     0.08108 1.724   0.0946  1.818   
        0.1081  1.885   0.1216  1.93    0.1351  1.965   0.1487  1.994   
        0.1622  2.012   0.1757  2.02    0.1892  2.022   0.2027  2.022   
        0.2162  2.022   0.2297  2.022   0.2432  2.022   0.2568  2.022   
        0.2703  2.022   0.2838  2.022   0.2973  2.022   0.3108  2.022   
        0.3243  2.022   0.3378  2.022   0.3514  2.022   0.3649  2.022   
        0.3784  2.022   0.3919  2.022   0.4054  2.022   0.4189  2.022   
        0.4324  2.022   0.446   2.022   0.4595  2.022   0.473   2.022   
        0.4865  2.022   0.5     2.022   0.5135  2.022   0.527   2.022   
        0.5406  2.022   0.5541  2.022   0.5676  2.022   0.5811  2.022   
        0.5946  2.022   0.6081  2.022   0.6216  2.022   0.6351  2.022   
        0.6487  2.022   0.6622  2.018   0.6757  2.011   0.6892  2.001   
        0.7027  1.988   0.7162  1.971   0.7297  1.949   0.7433  1.918   
        0.7568  1.878   0.7703  1.834   0.7838  1.783   0.7973  1.711   
        0.8108  1.636   0.8243  1.559   0.8379  1.492   0.8514  1.386   
        0.8649  1.293   0.8784  1.201   0.8919  1.106   0.9054  1.019   
        0.9189  0.9466  0.9325  0.8698  0.946   0.7943  0.9595  0.7178  
        0.973   0.6374  0.9865  0.5294  1       0.2277  ENDT
