$Material for wing 
MAT1         1017.100+10          0.3300    2810
PBAR         101     101 2.065-3 1.933-4 2.033-4 0.000+0 1.983-4   0.000
          0.3735  0.0000  0.0000  0.3863 -0.3735  0.0000  0.0000 -0.3863
CBAR         101     101     101     102 -0.0000 -1.0000 -0.0000     GGG
PBAR         102     101 4.861-3 2.521-3 2.656-3 0.000+0 2.588-3   0.000
          0.8784  0.0000  0.0000  0.9096 -0.8784  0.0000  0.0000 -0.9096
CBAR         102     102     102     103 -0.0013  0.9998  0.0209     GGG
PBAR         103     101 6.160-3 5.138-3 5.396-3 0.000+0 5.267-3   0.000
          1.1143  0.0000  0.0000  1.1513 -1.1143  0.0000  0.0000 -1.1513
CBAR         103     103     103     104 -0.0040  0.9998  0.0215     GGG
PBAR         104     101 7.241-3 8.510-3 8.600-3 0.000+0 8.555-3   0.000
          1.3269  0.0000  0.0000  1.3362 -1.3269  0.0000  0.0000 -1.3362
CBAR         104     104     104     105 -0.0074  0.9997  0.0211     GGG
PBAR         105     101 8.228-3 1.297-2 1.213-2 0.000+0 1.255-2   0.000
          1.5465  0.0000  0.0000  1.4794 -1.5465  0.0000  0.0000 -1.4794
CBAR         105     105     105     106 -0.0049  0.9998  0.0199     GGG
PBAR         106     101 9.040-3 1.765-2 1.564-2 0.000+0 1.664-2   0.000
          1.7291  0.0000  0.0000  1.5951 -1.7291  0.0000  0.0000 -1.5951
CBAR         106     106     106     107 -0.0027  0.9998  0.0185     GGG
PBAR         107     101 9.631-3 2.143-2 1.882-2 0.000+0 2.013-2   0.000
          1.8474  0.0000  0.0000  1.6944 -1.8474  0.0000  0.0000 -1.6944
CBAR         107     107     107     108 -0.0017  0.9998  0.0180     GGG
PBAR         108     101 1.007-2 2.440-2 2.160-2 0.000+0 2.300-2   0.000
          1.9264  0.0000  0.0000  1.7763 -1.9264  0.0000  0.0000 -1.7763
CBAR         108     108     108     109 -0.0013  0.9998  0.0180     GGG
PBAR         109     101 1.038-2 2.651-2 2.381-2 0.000+0 2.516-2   0.000
          1.9760  0.0000  0.0000  1.8395 -1.9760  0.0000  0.0000 -1.8395
CBAR         109     109     109     110 -0.0008  0.9998  0.0180     GGG
PBAR         110     101 1.059-2 2.802-2 2.556-2 0.000+0 2.679-2   0.000
          2.0075  0.0000  0.0000  1.8883 -2.0075  0.0000  0.0000 -1.8883
CBAR         110     110     110     111 -0.0006  0.9998  0.0182     GGG
PBAR         111     101 1.077-2 2.925-2 2.697-2 0.000+0 2.811-2   0.000
          2.0329  0.0000  0.0000  1.9260 -2.0329  0.0000  0.0000 -1.9260
CBAR         111     111     111     112 -0.0004  0.9998  0.0183     GGG
PBAR         112     101 1.089-2 3.018-2 2.807-2 0.000+0 2.913-2   0.000
          2.0512  0.0000  0.0000  1.9547 -2.0512  0.0000  0.0000 -1.9547
CBAR         112     112     112     113 -0.0002  0.9998  0.0184     GGG
PBAR         113     101 1.097-2 3.073-2 2.870-2 0.000+0 2.972-2   0.000
          2.0621  0.0000  0.0000  1.9706 -2.0621  0.0000  0.0000 -1.9706
CBAR         113     113     113     114 -0.0001  0.9998  0.0185     GGG
PBAR         114     101 1.099-2 3.097-2 2.890-2 0.000+0 2.993-2   0.000
          2.0680  0.0000  0.0000  1.9746 -2.0680  0.0000  0.0000 -1.9746
CBAR         114     114     114     115  0.0001  0.9998  0.0185     GGG
PBAR         115     101 1.100-2 3.104-2 2.892-2 0.000+0 2.998-2   0.000
          2.0700  0.0000  0.0000  1.9746 -2.0700  0.0000  0.0000 -1.9746
CBAR         115     115     115     116  0.0000  0.9998  0.0185     GGG
PBAR         116     101 1.100-2 3.104-2 2.892-2 0.000+0 2.998-2   0.000
          2.0701  0.0000  0.0000  1.9746 -2.0701  0.0000  0.0000 -1.9746
CBAR         116     116     116     117 -0.0000  0.9998  0.0185     GGG
PBAR         117     101 1.100-2 3.104-2 2.892-2 0.000+0 2.998-2   0.000
          2.0701  0.0000  0.0000  1.9746 -2.0701  0.0000  0.0000 -1.9746
CBAR         117     117     117     118 -0.0000  0.9998  0.0185     GGG
PBAR         118     101 1.100-2 3.104-2 2.892-2 0.000+0 2.998-2   0.000
          2.0701  0.0000  0.0000  1.9746 -2.0701  0.0000  0.0000 -1.9746
CBAR         118     118     118     119 -0.0000  0.9998  0.0185     GGG
PBAR         119     101 1.100-2 3.104-2 2.892-2 0.000+0 2.998-2   0.000
          2.0701  0.0000  0.0000  1.9746 -2.0701  0.0000  0.0000 -1.9746
CBAR         119     119     119     120 -0.0000  0.9998  0.0185     GGG
PBAR         120     101 1.100-2 3.104-2 2.892-2 0.000+0 2.998-2   0.000
          2.0701  0.0000  0.0000  1.9746 -2.0701  0.0000  0.0000 -1.9746
CBAR         120     120     120     121 -0.0000  0.9998  0.0185     GGG
PBAR         121     101 1.100-2 3.104-2 2.892-2 0.000+0 2.998-2   0.000
          2.0701  0.0000  0.0000  1.9746 -2.0701  0.0000  0.0000 -1.9746
CBAR         121     121     121     122 -0.0000  0.9998  0.0185     GGG
PBAR         122     101 1.100-2 3.104-2 2.892-2 0.000+0 2.998-2   0.000
          2.0701  0.0000  0.0000  1.9746 -2.0701  0.0000  0.0000 -1.9746
CBAR         122     122     122     123 -0.0000  0.9998  0.0185     GGG
PBAR         123     101 1.100-2 3.104-2 2.892-2 0.000+0 2.998-2   0.000
          2.0701  0.0000  0.0000  1.9746 -2.0701  0.0000  0.0000 -1.9746
CBAR         123     123     123     124 -0.0000  0.9998  0.0185     GGG
PBAR         124     101 1.100-2 3.104-2 2.892-2 0.000+0 2.998-2   0.000
          2.0701  0.0000  0.0000  1.9746 -2.0701  0.0000  0.0000 -1.9746
CBAR         124     124     124     125 -0.0000  0.9998  0.0185     GGG
PBAR         125     101 1.100-2 3.104-2 2.892-2 0.000+0 2.998-2   0.000
          2.0701  0.0000  0.0000  1.9746 -2.0701  0.0000  0.0000 -1.9746
CBAR         125     125     125     126 -0.0000  0.9998  0.0185     GGG
PBAR         126     101 1.100-2 3.104-2 2.892-2 0.000+0 2.998-2   0.000
          2.0701  0.0000  0.0000  1.9746 -2.0701  0.0000  0.0000 -1.9746
CBAR         126     126     126     127 -0.0000  0.9998  0.0185     GGG
PBAR         127     101 1.100-2 3.104-2 2.892-2 0.000+0 2.998-2   0.000
          2.0701  0.0000  0.0000  1.9746 -2.0701  0.0000  0.0000 -1.9746
CBAR         127     127     127     128 -0.0000  0.9998  0.0185     GGG
PBAR         128     101 1.100-2 3.104-2 2.892-2 0.000+0 2.998-2   0.000
          2.0701  0.0000  0.0000  1.9746 -2.0701  0.0000  0.0000 -1.9746
CBAR         128     128     128     129 -0.0000  0.9998  0.0185     GGG
PBAR         129     101 1.100-2 3.104-2 2.892-2 0.000+0 2.998-2   0.000
          2.0701  0.0000  0.0000  1.9746 -2.0701  0.0000  0.0000 -1.9746
CBAR         129     129     129     130 -0.0000  0.9998  0.0185     GGG
PBAR         130     101 1.100-2 3.104-2 2.892-2 0.000+0 2.998-2   0.000
          2.0701  0.0000  0.0000  1.9746 -2.0701  0.0000  0.0000 -1.9746
CBAR         130     130     130     131 -0.0000  0.9998  0.0185     GGG
PBAR         131     101 1.100-2 3.104-2 2.892-2 0.000+0 2.998-2   0.000
          2.0701  0.0000  0.0000  1.9746 -2.0701  0.0000  0.0000 -1.9746
CBAR         131     131     131     132 -0.0000  0.9998  0.0185     GGG
PBAR         132     101 1.100-2 3.104-2 2.892-2 0.000+0 2.998-2   0.000
          2.0701  0.0000  0.0000  1.9746 -2.0701  0.0000  0.0000 -1.9746
CBAR         132     132     132     133 -0.0000  0.9998  0.0185     GGG
PBAR         133     101 1.100-2 3.104-2 2.892-2 0.000+0 2.998-2   0.000
          2.0701  0.0000  0.0000  1.9746 -2.0701  0.0000  0.0000 -1.9746
CBAR         133     133     133     134 -0.0000  0.9998  0.0185     GGG
PBAR         134     101 1.100-2 3.104-2 2.892-2 0.000+0 2.998-2   0.000
          2.0701  0.0000  0.0000  1.9746 -2.0701  0.0000  0.0000 -1.9746
CBAR         134     134     134     135 -0.0000  0.9998  0.0185     GGG
PBAR         135     101 1.100-2 3.104-2 2.892-2 0.000+0 2.998-2   0.000
          2.0701  0.0000  0.0000  1.9746 -2.0701  0.0000  0.0000 -1.9746
CBAR         135     135     135     136 -0.0000  0.9998  0.0185     GGG
PBAR         136     101 1.100-2 3.104-2 2.892-2 0.000+0 2.998-2   0.000
          2.0701  0.0000  0.0000  1.9746 -2.0701  0.0000  0.0000 -1.9746
CBAR         136     136     136     137 -0.0000  0.9998  0.0185     GGG
PBAR         137     101 1.100-2 3.104-2 2.892-2 0.000+0 2.998-2   0.000
          2.0701  0.0000  0.0000  1.9746 -2.0701  0.0000  0.0000 -1.9746
CBAR         137     137     137     138 -0.0000  0.9998  0.0185     GGG
PBAR         138     101 1.100-2 3.104-2 2.892-2 0.000+0 2.998-2   0.000
          2.0701  0.0000  0.0000  1.9746 -2.0701  0.0000  0.0000 -1.9746
CBAR         138     138     138     139 -0.0000  0.9998  0.0185     GGG
PBAR         139     101 1.100-2 3.104-2 2.892-2 0.000+0 2.998-2   0.000
          2.0701  0.0000  0.0000  1.9746 -2.0701  0.0000  0.0000 -1.9746
CBAR         139     139     139     140 -0.0000  0.9998  0.0185     GGG
PBAR         140     101 1.100-2 3.104-2 2.892-2 0.000+0 2.998-2   0.000
          2.0701  0.0000  0.0000  1.9746 -2.0701  0.0000  0.0000 -1.9746
CBAR         140     140     140     141 -0.0000  0.9998  0.0185     GGG
PBAR         141     101 1.100-2 3.104-2 2.892-2 0.000+0 2.998-2   0.000
          2.0701  0.0000  0.0000  1.9746 -2.0701  0.0000  0.0000 -1.9746
CBAR         141     141     141     142 -0.0000  0.9998  0.0185     GGG
PBAR         142     101 1.100-2 3.104-2 2.892-2 0.000+0 2.998-2   0.000
          2.0701  0.0000  0.0000  1.9746 -2.0701  0.0000  0.0000 -1.9746
CBAR         142     142     142     143 -0.0000  0.9998  0.0185     GGG
PBAR         143     101 1.100-2 3.104-2 2.892-2 0.000+0 2.998-2   0.000
          2.0701  0.0000  0.0000  1.9746 -2.0701  0.0000  0.0000 -1.9746
CBAR         143     143     143     144 -0.0000  0.9998  0.0185     GGG
PBAR         144     101 1.100-2 3.104-2 2.892-2 0.000+0 2.998-2   0.000
          2.0701  0.0000  0.0000  1.9746 -2.0701  0.0000  0.0000 -1.9746
CBAR         144     144     144     145 -0.0000  0.9998  0.0185     GGG
PBAR         145     101 1.100-2 3.104-2 2.892-2 0.000+0 2.998-2   0.000
          2.0701  0.0000  0.0000  1.9746 -2.0701  0.0000  0.0000 -1.9746
CBAR         145     145     145     146 -0.0000  0.9998  0.0185     GGG
PBAR         146     101 1.100-2 3.104-2 2.892-2 0.000+0 2.998-2   0.000
          2.0701  0.0000  0.0000  1.9746 -2.0701  0.0000  0.0000 -1.9746
CBAR         146     146     146     147  0.0000  0.9998  0.0185     GGG
PBAR         147     101 1.100-2 3.104-2 2.892-2 0.000+0 2.998-2   0.000
          2.0701  0.0000  0.0000  1.9746 -2.0701  0.0000  0.0000 -1.9746
CBAR         147     147     147     148  0.0000  0.9998  0.0185     GGG
PBAR         148     101 1.100-2 3.102-2 2.891-2 0.000+0 2.997-2   0.000
          2.0695  0.0000  0.0000  1.9746 -2.0695  0.0000  0.0000 -1.9746
CBAR         148     148     148     149 -0.0000  0.9998  0.0185     GGG
PBAR         149     101 1.099-2 3.088-2 2.887-2 0.000+0 2.987-2   0.000
          2.0653  0.0000  0.0000  1.9746 -2.0653  0.0000  0.0000 -1.9746
CBAR         149     149     149     150 -0.0002  0.9998  0.0185     GGG
PBAR         150     101 1.096-2 3.052-2 2.875-2 0.000+0 2.964-2   0.000
          2.0545  0.0000  0.0000  1.9746 -2.0545  0.0000  0.0000 -1.9746
CBAR         150     150     150     151 -0.0005  0.9998  0.0186     GGG
PBAR         151     101 1.091-2 2.994-2 2.857-2 0.000+0 2.925-2   0.000
          2.0372  0.0000  0.0000  1.9746 -2.0372  0.0000  0.0000 -1.9746
CBAR         151     151     151     152 -0.0007  0.9998  0.0187     GGG
PBAR         152     101 1.085-2 2.917-2 2.832-2 0.000+0 2.875-2   0.000
          2.0138  0.0000  0.0000  1.9746 -2.0138  0.0000  0.0000 -1.9746
CBAR         152     152     152     153 -0.0009  0.9998  0.0189     GGG
PBAR         153     101 1.077-2 2.823-2 2.800-2 0.000+0 2.812-2   0.000
          1.9849  0.0000  0.0000  1.9741 -1.9849  0.0000  0.0000 -1.9741
CBAR         153     153     153     154 -0.0011  0.9998  0.0191     GGG
PBAR         154     101 1.066-2 2.710-2 2.752-2 0.000+0 2.731-2   0.000
          1.9506  0.0000  0.0000  1.9703 -1.9506  0.0000  0.0000 -1.9703
CBAR         154     154     154     155 -0.0012  0.9998  0.0194     GGG
PBAR         155     101 1.052-2 2.574-2 2.668-2 0.000+0 2.621-2   0.000
          1.9108  0.0000  0.0000  1.9568 -1.9108  0.0000  0.0000 -1.9568
CBAR         155     155     155     156 -0.0014  0.9998  0.0197     GGG
PBAR         156     101 1.032-2 2.416-2 2.542-2 0.000+0 2.479-2   0.000
          1.8660  0.0000  0.0000  1.9303 -1.8660  0.0000  0.0000 -1.9303
CBAR         156     156     156     157 -0.0015  0.9998  0.0198     GGG
PBAR         157     101 1.010-2 2.247-2 2.388-2 0.000+0 2.318-2   0.000
          1.8185  0.0000  0.0000  1.8938 -1.8185  0.0000  0.0000 -1.8938
CBAR         157     157     157     158 -0.0015  0.9998  0.0200     GGG
PBAR         158     101 9.837-3 2.076-2 2.213-2 0.000+0 2.145-2   0.000
          1.7701  0.0000  0.0000  1.8473 -1.7701  0.0000  0.0000 -1.8473
CBAR         158     158     158     159 -0.0014  0.9998  0.0201     GGG
PBAR         159     101 9.502-3 1.879-2 1.987-2 0.000+0 1.933-2   0.000
          1.7147  0.0000  0.0000  1.7796 -1.7147  0.0000  0.0000 -1.7796
CBAR         159     159     159     160 -0.0018  0.9998  0.0199     GGG
PBAR         160     101 9.102-3 1.665-2 1.732-2 0.000+0 1.699-2   0.000
          1.6516  0.0000  0.0000  1.6954 -1.6516  0.0000  0.0000 -1.6954
CBAR         160     160     160     161 -0.0019  0.9998  0.0196     GGG
PBAR         161     101 8.688-3 1.461-2 1.493-2 0.000+0 1.477-2   0.000
          1.5858  0.0000  0.0000  1.6091 -1.5858  0.0000  0.0000 -1.6091
CBAR         161     161     161     162 -0.0018  0.9998  0.0194     GGG
PBAR         162     101 8.295-3 1.297-2 1.275-2 0.000+0 1.286-2   0.000
          1.5342  0.0000  0.0000  1.5163 -1.5342  0.0000  0.0000 -1.5163
CBAR         162     162     162     163 -0.0013  0.9997  0.0248     GGG
PBAR         163     101 7.826-3 1.107-2 1.052-2 0.000+0 1.080-2   0.000
          1.4634  0.0000  0.0000  1.4145 -1.4634  0.0000  0.0000 -1.4145
CBAR         163     163     163     164 -0.0106  0.9994  0.0339     GGG
PBAR         164     101 7.284-3 9.050-3 8.364-3 0.000+0 8.707-3   0.000
          1.3746  0.0000  0.0000  1.3042 -1.3746  0.0000  0.0000 -1.3042
CBAR         164     164     164     165 -0.0033  0.9993  0.0368     GGG
PBAR         165     101 6.779-3 7.477-3 6.562-3 0.000+0 7.020-3   0.000
          1.3008  0.0000  0.0000  1.1924 -1.3008  0.0000  0.0000 -1.1924
CBAR         165     165     165     166 -0.0032  0.9994  0.0354     GGG
PBAR         166     101 6.272-3 6.073-3 5.045-3 0.000+0 5.559-3   0.000
          1.2245  0.0000  0.0000  1.0822 -1.2245  0.0000  0.0000 -1.0822
CBAR         166     166     166     167 -0.0031  0.9994  0.0342     GGG
PBAR         167     101 5.779-3 4.849-3 3.849-3 0.000+0 4.349-3   0.000
          1.1443  0.0000  0.0000  0.9812 -1.1443  0.0000  0.0000 -0.9812
CBAR         167     167     167     168 -0.0031  0.9995  0.0329     GGG
PBAR         168     101 5.346-3 3.842-3 3.041-3 0.000+0 3.441-3   0.000
          1.0594  0.0000  0.0000  0.9066 -1.0594  0.0000  0.0000 -0.9066
CBAR         168     168     168     169 -0.0017  0.9995  0.0328     GGG
PBAR         169     101 4.939-3 2.968-3 2.459-3 0.000+0 2.714-3   0.000
          0.9650  0.0000  0.0000  0.8515 -0.9650  0.0000  0.0000 -0.8515
CBAR         169     169     169     170  0.0006  0.9994  0.0338     GGG
PBAR         170     101 4.524-3 2.206-3 1.966-3 0.000+0 2.086-3   0.000
          0.8639  0.0000  0.0000  0.8002 -0.8639  0.0000  0.0000 -0.8002
CBAR         170     170     170     171 -0.0027  0.9994  0.0349     GGG
PBAR         171     101 4.111-3 1.585-3 1.545-3 0.000+0 1.565-3   0.000
          0.7625  0.0000  0.0000  0.7496 -0.7625  0.0000  0.0000 -0.7496
CBAR         171     171     171     172 -0.0029  0.9993  0.0368     GGG
PBAR         172     101 3.684-3 1.063-3 1.190-3 0.000+0 1.127-3   0.000
          0.6522  0.0000  0.0000  0.7031 -0.6522  0.0000  0.0000 -0.7031
CBAR         172     172     172     173 -0.0039  0.9994  0.0356     GGG
PBAR         173     101 3.172-3 6.218-4 8.161-4 0.000+0 7.190-4   0.000
          0.5307  0.0000  0.0000  0.6361 -0.5307  0.0000  0.0000 -0.6361
CBAR         173     173     173     174 -0.0020  0.9998  0.0219     GGG
PBAR         174     101 2.057-3 2.600-4 1.324-4 0.000+0 1.962-4   0.000
          0.4619  0.0000  0.0000  0.2952 -0.4619  0.0000  0.0000 -0.2952
CBAR         174     174     174     175 -0.0017  0.9997  0.0240     GGG
$Set Grid Wing
SET1         101     101     102     103     104     105     106     107
             108     109     110     111     112     113     114     115
             116     117     118     119     120     121     122     123
             124     125     126     127     128     129     130     131
             132     133     134     135     136     137     138     139
             140     141     142     143     144     145     146     147
             148     149     150     151     152     153     154     155
             156     157     158     159     160     161     162     163
             164     165     166     167     168     169     170     171
             172     173     174     175
$Wing's Wing CBAR elem IDs 
SET1         102     101     102     103     104     105     106     107
             108     109     110     111     112     113     114     115
             116     117     118     119     120     121     122     123
             124     125     126     127     128     129     130     131
             132     133     134     135     136     137     138     139
             140     141     142     143     144     145     146     147
             148     149     150     151     152     153     154     155
             156     157     158     159     160     161     162     163
             164     165     166     167     168     169     170     171
             172     173     174
$Wing Grid
GRID         101       0  0.0000  0.0000 -0.7238       0
GRID         102       0  0.5077  0.0000 -0.6967       0
GRID         103       0  1.0154  0.0000 -0.6640       0
GRID         104       0  1.5231  0.0000 -0.5696       0
GRID         105       0  2.0308  0.0000 -0.3923       0
GRID         106       0  2.5385  0.0000 -0.2684       0
GRID         107       0  3.0462  0.0000 -0.1956       0
GRID         108       0  3.5539  0.0000 -0.1488       0
GRID         109       0  4.0616  0.0000 -0.1130       0
GRID         110       0  4.5693  0.0000 -0.0900       0
GRID         111       0  5.0770  0.0000 -0.0739       0
GRID         112       0  5.5847  0.0000 -0.0623       0
GRID         113       0  6.0924  0.0000 -0.0559       0
GRID         114       0  6.6001  0.0000 -0.0532       0
GRID         115       0  7.1078  0.0000 -0.0551       0
GRID         116       0  7.6155  0.0000 -0.0553       0
GRID         117       0  8.1232  0.0000 -0.0553       0
GRID         118       0  8.6309  0.0000 -0.0553       0
GRID         119       0  9.1386  0.0000 -0.0553       0
GRID         120       0  9.6464  0.0000 -0.0553       0
GRID         121       0 10.1541  0.0000 -0.0553       0
GRID         122       0 10.6618  0.0000 -0.0553       0
GRID         123       0 11.1695  0.0000 -0.0553       0
GRID         124       0 11.6772  0.0000 -0.0553       0
GRID         125       0 12.1849  0.0000 -0.0553       0
GRID         126       0 12.6926  0.0000 -0.0553       0
GRID         127       0 13.2003  0.0000 -0.0553       0
GRID         128       0 13.7080  0.0000 -0.0553       0
GRID         129       0 14.2157  0.0000 -0.0553       0
GRID         130       0 14.7234  0.0000 -0.0553       0
GRID         131       0 15.2311  0.0000 -0.0553       0
GRID         132       0 15.7388  0.0000 -0.0553       0
GRID         133       0 16.2465  0.0000 -0.0553       0
GRID         134       0 16.7542  0.0000 -0.0553       0
GRID         135       0 17.2619  0.0000 -0.0553       0
GRID         136       0 17.7696  0.0000 -0.0553       0
GRID         137       0 18.2773  0.0000 -0.0553       0
GRID         138       0 18.7850  0.0000 -0.0553       0
GRID         139       0 19.2927  0.0000 -0.0553       0
GRID         140       0 19.8004  0.0000 -0.0553       0
GRID         141       0 20.3081  0.0000 -0.0553       0
GRID         142       0 20.8158  0.0000 -0.0553       0
GRID         143       0 21.3235  0.0000 -0.0553       0
GRID         144       0 21.8312  0.0000 -0.0553       0
GRID         145       0 22.3389  0.0000 -0.0553       0
GRID         146       0 22.8466  0.0000 -0.0553       0
GRID         147       0 23.3543  0.0000 -0.0554       0
GRID         148       0 23.8620  0.0000 -0.0554       0
GRID         149       0 24.3697  0.0000 -0.0542       0
GRID         150       0 24.8774  0.0000 -0.0474       0
GRID         151       0 25.3851  0.0000 -0.0341       0
GRID         152       0 25.8928  0.0000 -0.0150       0
GRID         153       0 26.4005  0.0000  0.0097       0
GRID         154       0 26.9082  0.0000  0.0386       0
GRID         155       0 27.4159  0.0000  0.0708       0
GRID         156       0 27.9236  0.0000  0.1058       0
GRID         157       0 28.4314  0.0000  0.1435       0
GRID         158       0 28.9391  0.0000  0.1822       0
GRID         159       0 29.4468  0.0000  0.2183       0
GRID         160       0 29.9545  0.0000  0.2651       0
GRID         161       0 30.4622  0.0000  0.3134       0
GRID         162       0 30.9699  0.0000  0.3598       0
GRID         163       0 31.4776  0.0000  0.3861       0
GRID         164       0 31.9853  0.0000  0.5456       0
GRID         165       0 32.4930  0.0000  0.5910       0
GRID         166       0 33.0007  0.0000  0.6368       0
GRID         167       0 33.5084  0.0000  0.6827       0
GRID         168       0 34.0161  0.0000  0.7313       0
GRID         169       0 34.5238  0.0000  0.7573       0
GRID         170       0 35.0315  0.0000  0.7483       0
GRID         171       0 35.5392  0.0000  0.7874       0
GRID         172       0 36.0469  0.0000  0.8276       0
GRID         173       0 36.5546  0.0000  0.8829       0
GRID         174       0 37.0623  0.0000  0.9298       0
GRID         175       0 37.5700  0.0000  0.9651       0
