INCLUDE C:\Users\chang.xu\Projekte\Chose\NeoCASS_vanila\NeoCASS_Latest_Version\Output\Chose\AL\chose_tube.dat
$-------2-------3-------4-------5-------6-------7-------8-------9-------10
$ Lumped masses: PASSENGERS 17100 Kg
$ Fuselage beams: from 11 to 32
$ Fraction of cabin length : from 0 to 100 %
$ Cabin length = 31.5564 m.
$-------2-------3-------4-------5-------6-------7-------8-------9-------10
CONM2   5       1011    0       807.395 0       0       0       
        0.      0.      0.      0.      0.      0.      
CONM2   6       1012    0       806.211 0       0       0       
        0.      0.      0.      0.      0.      0.      
CONM2   7       1013    0       805.027 0       0       0       
        0.      0.      0.      0.      0.      0.      
CONM2   8       1014    0       803.843 0       0       0       
        0.      0.      0.      0.      0.      0.      
CONM2   9       1015    0       802.659 0       0       0       
        0.      0.      0.      0.      0.      0.      
CONM2   10      1016    0       801.475 0       0       0       
        0.      0.      0.      0.      0.      0.      
CONM2   11      1017    0       800.291 0       0       0       
        0.      0.      0.      0.      0.      0.      
CONM2   12      1018    0       976.624 0       0       0       
        0.      0.      0.      0.      0.      0.      
CONM2   13      1019    0       797.382 0       0       0       
        0.      0.      0.      0.      0.      0.      
CONM2   14      1020    0       619.222 0       0       0       
        0.      0.      0.      0.      0.      0.      
CONM2   15      1021    0       795.555 0       0       0       
        0.      0.      0.      0.      0.      0.      
CONM2   16      1022    0       794.371 0       0       0       
        0.      0.      0.      0.      0.      0.      
CONM2   17      1023    0       793.186 0       0       0       
        0.      0.      0.      0.      0.      0.      
CONM2   18      1024    0       792.002 0       0       0       
        0.      0.      0.      0.      0.      0.      
CONM2   19      1025    0       790.818 0       0       0       
        0.      0.      0.      0.      0.      0.      
CONM2   20      1026    0       789.634 0       0       0       
        0.      0.      0.      0.      0.      0.      
CONM2   21      1027    0       788.45  0       0       0       
        0.      0.      0.      0.      0.      0.      
CONM2   22      1028    0       787.266 0       0       0       
        0.      0.      0.      0.      0.      0.      
CONM2   23      1029    0       786.082 0       0       0       
        0.      0.      0.      0.      0.      0.      
CONM2   24      1030    0       784.898 0       0       0       
        0.      0.      0.      0.      0.      0.      
CONM2   25      1031    0       783.714 0       0       0       
        0.      0.      0.      0.      0.      0.      
CONM2   26      1032    0       393.893 0       0       0       
        0.      0.      0.      0.      0.      0.      

$-------2-------3-------4-------5-------6-------7-------8-------9-------10
$ Lumped masses: WING TANK FUEL 775.091 Kg
$ Wing beams: from 3 to 28
$ Span fraction: from 11.2377 to 36 %
$-------2-------3-------4-------5-------6-------7-------8-------9-------10
CONM2   27      2002    0       11.9048 0       0       0       
        0.75693 1.75779 4.32321 0.1775830.4331020.079943
CONM2   28      2003    0       23.4087 0       0       0       
        1.47053 3.41287 8.39469 0.3447890.8408960.156112
CONM2   29      2004    0       22.6129 0       0       0       
        1.38571 3.21191 7.90217 0.3244880.7913820.148691
CONM2   30      2005    0       21.8295 0       0       0       
        1.30454 3.01977 7.43117 0.3050760.7440390.141527
CONM2   31      2006    0       21.0585 0       0       0       
        1.22692 2.83617 6.98106 0.2865280.6988030.134613
CONM2   32      2007    0       20.2997 0       0       0       
        1.15274 2.66087 6.55123 0.2688180.6556120.127943
CONM2   33      2008    0       19.5533 0       0       0       
        1.08189 2.49362 6.14106 0.2519220.6144030.121511
CONM2   34      2009    0       18.8193 0       0       0       
        1.01428 2.33417 5.74995 0.2358130.5751160.11531 
CONM2   35      2010    0       18.0976 0       0       0       
        0.9498072.18228 5.37731 0.2204680.5376920.109335
CONM2   36      2011    0       17.3882 0       0       0       
        0.8883712.03771 5.02255 0.2058620.50207 0.10358 
CONM2   37      2012    0       16.6911 0       0       0       
        0.8298761.90021 4.6851  0.1919710.4681930.098038
CONM2   38      2013    0       16.0064 0       0       0       
        0.7742281.76957 4.3644  0.1787730.4360040.092705
CONM2   39      2014    0       15.3341 0       0       0       
        0.7213321.64555 4.05989 0.1662440.4054460.087574
CONM2   40      2015    0       14.674  0       0       0       
        0.6710981.52793 3.77102 0.1543610.3764650.082640
CONM2   41      2016    0       14.0263 0       0       0       
        0.6234341.41648 3.49725 0.1431020.3490070.077897
CONM2   42      2017    0       13.391  0       0       0       
        0.5782531.311   3.23807 0.1324460.3230170.073340
CONM2   43      2018    0       12.7679 0       0       0       
        0.5354661.21127 2.99294 0.12237 0.2984450.068963
CONM2   44      2019    0       12.1573 0       0       0       
        0.4949891.11708 2.76137 0.1128540.2752370.064762
CONM2   45      2020    0       11.5589 0       0       0       
        0.4567371.02822 2.54284 0.1038780.2533440.060732
CONM2   46      2021    0       10.9729 0       0       0       
        0.4206280.9445052.33688 0.0954190.2327160.056866
CONM2   47      2022    0       10.3992 0       0       0       
        0.3865810.8657222.14299 0.0874600.2133050.053161
CONM2   48      2023    0       9.50489 0       0       0       
        0.3413260.7664131.89626 0.0774270.1888360.046153
CONM2   49      2024    0       8.64181 0       0       0       
        0.2993890.6747161.66828 0.0681640.1662430.039532
CONM2   50      2025    0       8.14253 0       0       0       
        0.2737740.6154491.52242 0.0621760.15164 0.036743
CONM2   51      2026    0       7.65472 0       0       0       
        0.2496940.5598511.38554 0.0565590.1379410.034076
CONM2   52      2027    0       7.1784  0       0       0       
        0.2270870.5077721.25728 0.0512980.12511 0.031526
CONM2   53      2028    0       3.47155 0       0       0       
        0.1080720.2412970.5976250.0243770.0594530.015140
CONM2   54      2095    0       11.9048 0       0       0       
        0.75693 -1.757794.32321 0.177583-0.433100.079943
CONM2   55      2096    0       23.4087 0       0       0       
        1.47053 -3.412878.39469 0.344789-0.840890.156112
CONM2   56      2097    0       22.6129 0       0       0       
        1.38571 -3.211917.90217 0.324488-0.791380.148691
CONM2   57      2098    0       21.8295 0       0       0       
        1.30454 -3.019777.43117 0.305076-0.744030.141527
CONM2   58      2099    0       21.0585 0       0       0       
        1.22692 -2.836176.98106 0.286528-0.698800.134613
CONM2   59      2100    0       20.2997 0       0       0       
        1.15274 -2.660876.55123 0.268818-0.655610.127943
CONM2   60      2101    0       19.5533 0       0       0       
        1.08189 -2.493626.14106 0.251922-0.614400.121511
CONM2   61      2102    0       18.8193 0       0       0       
        1.01428 -2.334175.74995 0.235813-0.575110.11531 
CONM2   62      2103    0       18.0976 0       0       0       
        0.949807-2.182285.37731 0.220468-0.537690.109335
CONM2   63      2104    0       17.3882 0       0       0       
        0.888371-2.037715.02255 0.205862-0.502070.10358 
CONM2   64      2105    0       16.6911 0       0       0       
        0.829876-1.900214.6851  0.191971-0.468190.098038
CONM2   65      2106    0       16.0064 0       0       0       
        0.774228-1.769574.3644  0.178773-0.436000.092705
CONM2   66      2107    0       15.3341 0       0       0       
        0.721332-1.645554.05989 0.166244-0.405440.087574
CONM2   67      2108    0       14.674  0       0       0       
        0.671098-1.527933.77102 0.154361-0.376460.082640
CONM2   68      2109    0       14.0263 0       0       0       
        0.623434-1.416483.49725 0.143102-0.349000.077897
CONM2   69      2110    0       13.391  0       0       0       
        0.578253-1.311  3.23807 0.132446-0.323010.073340
CONM2   70      2111    0       12.7679 0       0       0       
        0.535466-1.211272.99294 0.12237 -0.298440.068963
CONM2   71      2112    0       12.1573 0       0       0       
        0.494989-1.117082.76137 0.112854-0.275230.064762
CONM2   72      2113    0       11.5589 0       0       0       
        0.456737-1.028222.54284 0.103878-0.253340.060732
CONM2   73      2114    0       10.9729 0       0       0       
        0.420628-0.944502.33688 0.095419-0.232710.056866
CONM2   74      2115    0       10.3992 0       0       0       
        0.386581-0.865722.14299 0.087460-0.213300.053161
CONM2   75      2116    0       9.50489 0       0       0       
        0.341326-0.766411.89626 0.077427-0.188830.046153
CONM2   76      2117    0       8.64181 0       0       0       
        0.299389-0.674711.66828 0.068164-0.166240.039532
CONM2   77      2118    0       8.14253 0       0       0       
        0.273774-0.615441.52242 0.062176-0.151640.036743
CONM2   78      2119    0       7.65472 0       0       0       
        0.249694-0.559851.38554 0.056559-0.137940.034076
CONM2   79      2120    0       7.1784  0       0       0       
        0.227087-0.507771.25728 0.051298-0.125110.031526
CONM2   80      2121    0       3.47155 0       0       0       
        0.108072-0.241290.5976250.024377-0.059450.015140

$ Summary of payload (as CONM2): 
$ Wing tank: 775.091
$ Central tank: 0
$ Auxiliary tank: 0
$ Passengers: 17100
$ Baggage: 0
$-------2-------3-------4-------5-------6-------7-------8-------9-------10
$ SUPORT FOR CURRENT CONFIGURATION
SUPORT  1       1022    123456  
