
$-------2-------3-------4-------5-------6-------7-------8-------9-------10
$ Node definition
$-------2-------3-------4-------5-------6-------7-------8-------9-------10
GRID    1000    0       0.      0.      -1.047680       0       0       
GRID    1001    0       1.5574  0.      -0.541640       0       0       
GRID    1002    0       5.43158 0.      0.      0       0       0       
GRID    1003    0       18.3146 0.      0.      0       0       0       
GRID    1004    0       23.5324 0.      0.      0       0       0       
GRID    1005    0       28.2389 0.      0.      0       0       0       
GRID    1006    0       33.1138 0.      0.      0       0       0       
GRID    1007    0       37.6518 0.      0.3730940       0       0       
GRID    1008    0       42.0569 0.      0.7352550       0       0       
GRID    1009    0       43.3259 0.      0.8395860       0       0       
GRID    1010    0       47.0648 0.      1.14698 0       0       0       
GRID    2001    0       18.3146 1.01139 -0.977040       0       0       
GRID    2002    0       18.3146 2.02278 -0.977040       0       0       
GRID    2003    0       18.6933 2.94651 -0.883710       0       0       
GRID    2004    0       19.0721 3.87024 -0.790390       0       0       
GRID    2005    0       19.4508 4.79397 -0.697070       0       0       
GRID    2006    0       19.8296 5.7177  -0.603750       0       0       
GRID    2007    0       20.2323 6.69985 -0.504530       0       0       
GRID    2008    0       20.6783 7.63531 -0.415380       0       0       
GRID    2009    0       21.1244 8.57077 -0.326230       0       0       
GRID    2010    0       21.5704 9.50623 -0.237080       0       0       
GRID    2011    0       22.0164 10.4417 -0.147940       0       0       
GRID    2012    0       22.4624 11.3771 -0.058790       0       0       
GRID    2013    0       22.9085 12.3126 0.0303560       0       0       
GRID    2014    0       23.3421 13.2481 0.1192130       0       0       
GRID    2015    0       23.7757 14.1836 0.20807 0       0       0       
GRID    2016    0       24.2093 15.1191 0.2969260       0       0       
GRID    2017    0       24.6429 16.0547 0.3857830       0       0       
GRID    2018    0       25.0765 16.9902 0.47464 0       0       0       
GRID    2019    0       25.5101 17.9257 0.5634960       0       0       
GRID    2000    0       18.3146 0.      -0.977040       0       0       
GRID    2020    0       18.3146 -1.01139-0.977040       0       0       
GRID    2021    0       18.3146 -2.02278-0.977040       0       0       
GRID    2022    0       18.6933 -2.94651-0.883710       0       0       
GRID    2023    0       19.0721 -3.87024-0.790390       0       0       
GRID    2024    0       19.4508 -4.79397-0.697070       0       0       
GRID    2025    0       19.8296 -5.7177 -0.603750       0       0       
GRID    2026    0       20.2323 -6.69985-0.504530       0       0       
GRID    2027    0       20.6783 -7.63531-0.415380       0       0       
GRID    2028    0       21.1244 -8.57077-0.326230       0       0       
GRID    2029    0       21.5704 -9.50623-0.237080       0       0       
GRID    2030    0       22.0164 -10.4417-0.147940       0       0       
GRID    2031    0       22.4624 -11.3771-0.058790       0       0       
GRID    2032    0       22.9085 -12.31260.0303560       0       0       
GRID    2033    0       23.3421 -13.24810.1192130       0       0       
GRID    2034    0       23.7757 -14.18360.20807 0       0       0       
GRID    2035    0       24.2093 -15.11910.2969260       0       0       
GRID    2036    0       24.6429 -16.05470.3857830       0       0       
GRID    2037    0       25.0765 -16.99020.47464 0       0       0       
GRID    2038    0       25.5101 -17.92570.5634960       0       0       
GRID    3000    0       42.0569 0.      1.975   0       0       0       
GRID    3001    0       42.3375 0.      2.44661 0       0       0       
GRID    3002    0       42.618  0.      2.91822 0       0       0       
GRID    3003    0       42.8986 0.      3.38983 0       0       0       
GRID    3004    0       43.1791 0.      3.86144 0       0       0       
GRID    3005    0       43.4597 0.      4.33305 0       0       0       
GRID    3006    0       43.7402 0.      4.80466 0       0       0       
GRID    3007    0       44.0208 0.      5.27627 0       0       0       
GRID    3008    0       44.3013 0.      5.74788 0       0       0       
GRID    3009    0       44.5819 0.      6.21949 0       0       0       
GRID    3010    0       44.8624 0.      6.6911  0       0       0       
GRID    4001    0       43.3259 0.4907170.69    0       0       0       
GRID    4002    0       43.3259 0.9814330.69    0       0       0       
GRID    4003    0       43.488  1.32353 0.7259560       0       0       
GRID    4004    0       43.6501 1.66564 0.7619130       0       0       
GRID    4005    0       43.8122 2.00774 0.7978690       0       0       
GRID    4006    0       43.9743 2.34984 0.8338250       0       0       
GRID    4007    0       44.133  2.68476 0.8690270       0       0       
GRID    4008    0       44.2917 3.01968 0.9042290       0       0       
GRID    4009    0       44.4504 3.35461 0.9394310       0       0       
GRID    4010    0       44.6091 3.68953 0.9746320       0       0       
GRID    4011    0       44.7678 4.02445 1.00983 0       0       0       
GRID    4012    0       44.9265 4.35938 1.04504 0       0       0       
GRID    4013    0       45.0853 4.6943  1.08024 0       0       0       
GRID    4000    0       43.3259 0.      0.69    0       0       0       
GRID    4014    0       43.3259 -0.490710.69    0       0       0       
GRID    4015    0       43.3259 -0.981430.69    0       0       0       
GRID    4016    0       43.488  -1.323530.7259560       0       0       
GRID    4017    0       43.6501 -1.665640.7619130       0       0       
GRID    4018    0       43.8122 -2.007740.7978690       0       0       
GRID    4019    0       43.9743 -2.349840.8338250       0       0       
GRID    4020    0       44.133  -2.684760.8690270       0       0       
GRID    4021    0       44.2917 -3.019680.9042290       0       0       
GRID    4022    0       44.4504 -3.354610.9394310       0       0       
GRID    4023    0       44.6091 -3.689530.9746320       0       0       
GRID    4024    0       44.7678 -4.024451.00983 0       0       0       
GRID    4025    0       44.9265 -4.359381.04504 0       0       0       
GRID    4026    0       45.0853 -4.6943 1.08024 0       0       0       

$-------2-------3-------4-------5-------6-------7-------8-------9-------10
$ Bodies and lifting surfaces definition
$-------2-------3-------4-------5-------6-------7-------8-------9-------10
CAERO1  200     0       0       4       10      A3201515A32015151       
        16.6689 0       -0.957685.36674 2.02278 1       0       3.66    3.66    
CAERO1  250     0       0       4       10      A3201515A32015151       
        16.6689 0       -0.957685.36674 -2.022781       0       3.66    3.66    
CAERO1  201     5.59    0       9       10      A3201515A32011751       
        16.6689 2.02101 -0.957685.36674 4.70076 0.54432521.2591 3.66    0.695   
CAERO1  251     -5.59   0       9       10      A3201515A32011751       
        16.6689 -2.02101-0.957685.36674 -4.700760.544325-21.25913.66    0.695   
CAERO1  202     5.4     0       10      10      A3201175A32011301       
        19.1091 6.69945 -0.499782.92125 5.63814 0.72721925.7987 0.695   0.075665
CAERO1  252     -5.4    0       10      10      A3201175A32011301       
        19.1091 -6.69945-0.499782.92125 -5.638140.727219-25.79870.695   0.075665
CAERO1  203     5.4     0       3       10      A3201130A32011301       
        22.0337 12.3126 0.0308072.12438 1.21224 0.91935325.7987 0.075665-0.05749
CAERO1  204     5.4     0       10      7       A3201130A32010841       
        22.6626 13.5248 0.1453981.95306 3.21384 0.76743625.7987 -0.05749-0.41052
        1       0.28125 0.28125 3       aileronr
CAERO1  205     5.4     0       3       10      A3201084A32011751       
        24.3297 16.7386 0.4491961.49885 1.21224 0.88569625.7987 -0.41052-0.54368
CAERO1  253     -5.4    0       3       10      A3201130A32011301       
        22.0337 -12.31260.0308072.12438 -1.212240.919353-25.79870.075665-0.05749
CAERO1  254     -5.4    0       10      7       A3201130A32010841       
        22.6626 -13.52480.1453981.95306 -3.213840.767436-25.7987-0.05749-0.41052
        1       0.28125 0.28125 3       aileronl
CAERO1  255     -5.4    0       3       10      A3201084A32011751       
        24.3297 -16.73860.4491961.49885 -1.212240.885696-25.7987-0.41052-0.54368
CAERO1  400     0       0       2       11      NACA0009NACA00091       
        42.3497 0       0.69    2.44044 0.9814331       0       0       0       
CAERO1  450     0       0       2       11      NACA0009NACA00091       
        42.3497 0       0.69    2.44044 -0.981431       0       0       0       
CAERO1  401     6       0       3       6       NACA0009NACA00091       
        42.3497 0.9814330.69    2.44044 1.37594 0.77277828      0       0       
        1       0.35    0.35    5         elev1r
CAERO1  451     -6      0       3       6       NACA0009NACA00091       
        42.3497 -0.981430.69    2.44044 -1.375940.772778-28     0       0       
        1       0.35    0.35    5         elev1l
CAERO1  402     6       0       6       6       NACA0009NACA00091       
        43.22   2.34984 0.8338251.88592 2.35738 0.49624128      0       0       
        1       0.35    0.35    5         elev2r
CAERO1  452     -6      0       6       6       NACA0009NACA00091       
        43.22   -2.349840.8338251.88592 -2.357380.496241-28     0       0       
        1       0.35    0.35    5         elev2l
CAERO1  301     90      0       4       6       NACA0009NACA00091       
        40.201  0       1.975   4.36682 2.35805 0.675   34.9999 0       0       
        1       0.325   0.325   5        rudder1
CAERO1  302     90      0       4       6       NACA0009NACA00091       
        42.2069 1.44e-164.33305 2.94761 2.35805 0.51851934.9999 0       0       
        1       0.325   0.325   5        rudder2

$-------2-------3-------4-------5-------6-------7-------8-------9-------10
$ Links aeroelastic variables
$-------2-------3-------4-------5-------6-------7-------8-------9-------10
AELINK  1       aileronlaileronr1.0     
AELINK  2        rudder2 rudder11.0     
AELINK  3         elev2r  elev1r1.0     
AELINK  4         elev1l  elev1r-1.0    
AELINK  5         elev2l  elev1r-1.0    
PARAM   DIVERG  1       
AEROS           0       3.57567 36      110.711 0       0       

$-------2-------3-------4-------5-------6-------7-------8-------9-------10
$ Structural interpolation set
$-------2-------3-------4-------5-------6-------7-------8-------9-------10
SET1    200     2000    2001    2002    
CORD2R  200     0       18.314570.000000-0.9770418.314570.0000000.022960
        17.314570.000000-0.97704
SET1    201     2002    2003    2004    2005    2006    2007    
CORD2R  201     0       18.314572.022779-0.9770418.314571.9222640.017896
        17.388662.398594-0.93907
SET1    202     2007    2008    2009    2010    2011    2012    2013    
CORD2R  202     0       20.232306.699852-0.5045320.232306.6049830.490957
        19.328907.126717-0.46385
SET1    203     2013    2014    2015    2016    2017    2018    2019    
CORD2R  203     0       22.9084612.312600.03035622.9084612.218041.025876
        22.0004612.729690.069972
SET1    250     2000    2020    2021    
CORD2R  250     0       18.314570.000000-0.9770418.314570.000000-1.97704
        17.314570.000000-0.97704
SET1    251     2021    2022    2023    2024    2025    2026    
CORD2R  251     0       18.31457-2.02277-0.9770418.31457-2.12329-1.97197
        17.38866-2.39859-0.93907
SET1    252     2026    2027    2028    2029    2030    2031    2032    
CORD2R  252     0       20.23230-6.69985-0.5045320.23230-6.79472-1.50002
        19.32890-7.12671-0.46385
SET1    253     2032    2033    2034    2035    2036    2037    2038    
CORD2R  253     0       22.90846-12.31260.03035622.90846-12.4071-0.96516
        22.00046-12.72960.069972
SET1    301     3000    3001    3002    3003    3004    3005    
CORD2R  301     0       42.056890.0000001.97500042.05689-1.000001.975000
        41.197470.0000002.486256
SET1    302     3005    3006    3007    3008    3009    3010    
CORD2R  302     0       43.459650.0000004.33305043.45965-1.000004.333050
        42.600220.0000004.844306
SET1    400     4000    4001    
CORD2R  400     0       43.325890.0000000.69000043.325890.0000001.690000
        42.325890.0000000.690000
SET1    401     4001    4002    4003    4004    4005    4006    
CORD2R  401     0       43.325890.4907170.69000043.325890.4135851.687021
        42.381370.8181870.715334
SET1    402     4006    4007    4008    4009    4010    4011    4012    
        4013    
CORD2R  402     0       43.974322.3498370.83382543.974322.2453091.828347
        43.069732.7737950.878385
SET1    450     4000    4014    
CORD2R  450     0       43.325890.0000000.69000043.325890.000000-0.31000
        42.325890.0000000.690000
SET1    451     4014    4015    4016    4017    4018    4019    
CORD2R  451     0       43.32589-0.490710.69000043.32589-0.56784-0.30702
        42.38137-0.818180.715334
SET1    452     4019    4020    4021    4022    4023    4024    4025    
        4026    
CORD2R  452     0       43.97432-2.349830.83382543.97432-2.45436-0.16069
        43.06973-2.773790.878385

$-------2-------3-------4-------5-------6-------7-------8-------9-------10
$ Interpolation definition
$-------2-------3-------4-------5-------6-------7-------8-------9-------10
SPLINE1 200     200     1       40      200                     0       
SPLINE1 201     201     1       90      201                     0       
SPLINE1 202     202     1       100     202                     0       
SPLINE1 203     204     1       100     203                     0       
SPLINE1 204     203     1       30      203                     0       
SPLINE1 205     205     1       30      203                     0       
SPLINE1 250     250     1       40      250                     0       
SPLINE1 251     251     1       90      251                     0       
SPLINE1 252     252     1       100     252                     0       
SPLINE1 253     254     1       100     253                     0       
SPLINE1 254     253     1       30      253                     0       
SPLINE1 255     255     1       30      253                     0       
SPLINE1 301     301     1       44      301                     0       
SPLINE1 302     302     1       44      302                     0       
SPLINE1 400     400     1       22      400                     0       
SPLINE1 401     401     1       33      401                     0       
SPLINE1 402     402     1       66      402                     0       
SPLINE1 450     450     1       22      450                     0       
SPLINE1 451     451     1       33      451                     0       
SPLINE1 452     452     1       66      452                     0       
PARAM   GRDPNT  2000    
CONM2   1       2000    0       68292.7 2.17043 0       0.447661
        744234. 0.      2.50e+060.      0.      3.03e+06
SOL 144
$
$-------2-------3-------4-------5-------6-------7-------8-------9-------10
$ GUESS/SMARTCAD trim interface automatically included by GUESS
$-------2-------3-------4-------5-------6-------7-------8-------9-------10
$
INCLUDE C:\Users\chang.xu\Projekte\Chose\NeoCASS_vanila\NeoCASS_Latest_Version\Output\Chose\AL\trim_conditions_Chose.inc
$

$ Uncomment the following lines to run solve_vlm_rigid and get aero data
$TRIM    1       1       0.3     0.0     SIDES   0.0     ROLL    0.0     
$        PITCH   0.0     YAW     0.0     URDD2   0.0     URDD3   9.81    
$        URDD4   0.0     URDD5   0.0     URDD6   0.0     ANGLEA  0.0     
$          elev1r0.0      rudder10.0     aileronr0.0     
GRID    9000    0       21.1914 0.      -2.189890       0       0       
PARAM   LANDG   9000
