PARAM   DIVERG  1       
AEROS           0       5.27142 34.1    155     0       0       
TRIM=   2       
TRIM    2       1       0.3     0.0     SIDES   0.0     ROLL    0.0     
        PITCH   0.0     YAW     0.0     URDD2   0.0     URDD3   9.81    
        URDD4   0.0     URDD5   0.0     URDD6   0.0     ANGLEA  0.0     
          flap1r0.0       flap2r0.0     aileronr0.0     
$-------2-------3-------4-------5-------6-------7-------8-------9-------10
$ Bodies and lifting surfaces definition
$-------2-------3-------4-------5-------6-------7-------8-------9-------10
CAERO1  200     0       0       3       7       0012    0012    1       
        15.4972 0       -1.400327.55991 1.975   1       0       0.6605  0.6605  
CAERO1  250     0       0       3       7       0012    0012    1       
        15.4972 0       -1.400327.55991 -1.975  1       0       0.6605  0.6605  
CAERO1  201     5.681   0       4       4       0012    0012    1       
        15.4972 1.97305 -1.400327.55991 3.84587 0.67638824.9778 0.6605  0.1152  
        1       0.1     0.174   3         flap1r
CAERO1  251     -5.681  0       4       4       0012    0012    1       
        15.4972 -1.97305-1.400327.55991 -3.845870.676388-24.97780.6605  0.1152  
        1       0.1     0.174   3           none
CAERO1  202     0.294   0       6       4       0012    0012    1       
        17.9003 5.80024 -1.019615.11343 6.96663 0.55172428.4848 0.1152  -1.193  
        1       0.174   0.174   3         flap2r
CAERO1  252     -0.294  0       6       4       0012    0012    1       
        17.9003 -5.80024-1.019615.11343 -6.966630.551724-28.48480.1152  -1.193  
        1       0.174   0.174   3         flap2l
CAERO1  204     0.294   0       4       4       0012    0012    1       
        22.2536 12.7668 -0.983852.8212  3.41    0.64    28.8288 -1.193  -1.193  
        1       0.176   0.176   3       aileronr
CAERO1  205     0.294   0       1       7       0012    0012    1       
        24.3844 16.1768 -0.966361.80557 0.8525  0.85937528.8288 -1.193  -1.193  
CAERO1  254     -0.294  0       4       4       0012    0012    1       
        22.2536 -12.7668-0.983852.8212  -3.41   0.64    -28.8288-1.193  -1.193  
        1       0.176   0.176   3       aileronl
CAERO1  255     -0.294  0       1       7       0012    0012    1       
        24.3844 -16.1768-0.966361.80557 -0.8525 0.859375-28.8288-1.193  -1.193  
CAERO1  206     40      0       2       7       0012    0012    1       
        24.9182 17.0117 -0.928011.55166 1.5     0.6     36.3403 -1.193  5       
CAERO1  256     -40     0       2       7       0012    0012    1       
        24.9182 -17.0117-0.928011.55166 -1.5    0.6     -36.3403-1.193  5       

$-------2-------3-------4-------5-------6-------7-------8-------9-------10
$ Links aeroelastic variables
$-------2-------3-------4-------5-------6-------7-------8-------9-------10
AELINK  1           none  flap1r-1.0    
AELINK  2         flap2l  flap2r-1.0    
AELINK  3       aileronlaileronr1.0     
