
$-------2-------3-------4-------5-------6-------7-------8-------9-------10
$ Node definition
$-------2-------3-------4-------5-------6-------7-------8-------9-------10
GRID    1000    0       0.      0.      -0.825180       0       0       
GRID    1001    0       4.47891 0.      0.      0       0       0       
GRID    1002    0       8.902   0.      0.      0       0       0       
GRID    1003    0       13.353  0.      0.      0       0       0       
GRID    1004    0       19.277  0.      0.      0       0       0       
GRID    1005    0       26.706  0.      0.      0       0       0       
GRID    1006    0       32.5194 0.      0.      0       0       0       
GRID    1007    0       35.608  0.      0.3415870       0       0       
GRID    1008    0       38.9743 0.      0.71388 0       0       0       
GRID    1009    0       41.5687 0.      1.00082 0       0       0       
GRID    1010    0       44.51   0.      1.32611 0       0       0       
GRID    2001    0       19.277  0.9875  -1.422  0       0       0       
GRID    2002    0       19.277  1.975   -1.422  0       0       0       
GRID    2003    0       19.572  2.93131 -1.322040       0       0       
GRID    2004    0       19.867  3.88763 -1.222090       0       0       
GRID    2005    0       20.162  4.84394 -1.122130       0       0       
GRID    2006    0       20.457  5.80026 -1.022180       0       0       
GRID    2007    0       20.9152 6.79547 -1.0146 0       0       0       
GRID    2008    0       21.3733 7.79067 -1.007030       0       0       
GRID    2009    0       21.8315 8.78588 -0.999460       0       0       
GRID    2010    0       22.2896 9.78109 -0.991880       0       0       
GRID    2011    0       22.7478 10.7763 -0.984310       0       0       
GRID    2012    0       23.2059 11.7715 -0.976740       0       0       
GRID    2013    0       23.664  12.7667 -0.969170       0       0       
GRID    2014    0       24.0698 13.6192 -0.966120       0       0       
GRID    2015    0       24.4756 14.4717 -0.963060       0       0       
GRID    2016    0       24.8813 15.3242 -0.960010       0       0       
GRID    2017    0       25.2871 16.1767 -0.956960       0       0       
GRID    2018    0       25.6928 17.0292 -0.953910       0       0       
GRID    2019    0       26.1672 17.6002 -0.466630       0       0       
GRID    2020    0       26.6416 18.1713 0.0206310       0       0       
GRID    2000    0       19.277  0.      -1.422  0       0       0       
GRID    2021    0       19.277  -0.9875 -1.422  0       0       0       
GRID    2022    0       19.277  -1.975  -1.422  0       0       0       
GRID    2023    0       19.572  -2.93131-1.322040       0       0       
GRID    2024    0       19.867  -3.88763-1.222090       0       0       
GRID    2025    0       20.162  -4.84394-1.122130       0       0       
GRID    2026    0       20.457  -5.80026-1.022180       0       0       
GRID    2027    0       20.9152 -6.79547-1.0146 0       0       0       
GRID    2028    0       21.3733 -7.79067-1.007030       0       0       
GRID    2029    0       21.8315 -8.78588-0.999460       0       0       
GRID    2030    0       22.2896 -9.78109-0.991880       0       0       
GRID    2031    0       22.7478 -10.7763-0.984310       0       0       
GRID    2032    0       23.2059 -11.7715-0.976740       0       0       
GRID    2033    0       23.664  -12.7667-0.969170       0       0       
GRID    2034    0       24.0698 -13.6192-0.966120       0       0       
GRID    2035    0       24.4756 -14.4717-0.963060       0       0       
GRID    2036    0       24.8813 -15.3242-0.960010       0       0       
GRID    2037    0       25.2871 -16.1767-0.956960       0       0       
GRID    2038    0       25.6928 -17.0292-0.953910       0       0       
GRID    2039    0       26.1672 -17.6002-0.466630       0       0       
GRID    2040    0       26.6416 -18.17130.0206310       0       0       
GRID    3000    0       38.9743 0.      1.72536 0       0       0       
GRID    3001    0       39.4237 0.      2.41366 0       0       0       
GRID    3002    0       39.8731 0.      3.10196 0       0       0       
GRID    3003    0       40.3226 0.      3.79026 0       0       0       
GRID    3004    0       40.772  0.      4.47856 0       0       0       
GRID    3005    0       41.2214 0.      5.16686 0       0       0       
GRID    3006    0       41.6655 0.      5.85516 0       0       0       
GRID    3007    0       42.1095 0.      6.54346 0       0       0       
GRID    3008    0       42.5535 0.      7.23176 0       0       0       
GRID    3009    0       42.9976 0.      7.92006 0       0       0       
GRID    3010    0       43.4416 0.      8.60836 0       0       0       
GRID    4001    0       41.5687 0.45098 1.04004 0       0       0       
GRID    4002    0       41.5687 0.9019611.04004 0       0       0       
GRID    4003    0       41.7776 1.31524 1.07619 0       0       0       
GRID    4004    0       41.9864 1.72852 1.11235 0       0       0       
GRID    4005    0       42.1952 2.1418  1.14851 0       0       0       
GRID    4006    0       42.4041 2.55508 1.18466 0       0       0       
GRID    4007    0       42.6129 2.96836 1.22082 0       0       0       
GRID    4008    0       42.8748 3.46251 1.26405 0       0       0       
GRID    4009    0       43.1367 3.95666 1.30729 0       0       0       
GRID    4010    0       43.3987 4.45082 1.35052 0       0       0       
GRID    4011    0       43.6606 4.94497 1.39375 0       0       0       
GRID    4012    0       43.9225 5.43913 1.43699 0       0       0       
GRID    4013    0       44.1844 5.93328 1.48022 0       0       0       
GRID    4000    0       41.5687 0.      1.04004 0       0       0       
GRID    4014    0       41.5687 -0.450981.04004 0       0       0       
GRID    4015    0       41.5687 -0.901961.04004 0       0       0       
GRID    4016    0       41.7776 -1.315241.07619 0       0       0       
GRID    4017    0       41.9864 -1.728521.11235 0       0       0       
GRID    4018    0       42.1952 -2.1418 1.14851 0       0       0       
GRID    4019    0       42.4041 -2.555081.18466 0       0       0       
GRID    4020    0       42.6129 -2.968361.22082 0       0       0       
GRID    4021    0       42.8748 -3.462511.26405 0       0       0       
GRID    4022    0       43.1367 -3.956661.30729 0       0       0       
GRID    4023    0       43.3987 -4.450821.35052 0       0       0       
GRID    4024    0       43.6606 -4.944971.39375 0       0       0       
GRID    4025    0       43.9225 -5.439131.43699 0       0       0       
GRID    4026    0       44.1844 -5.933281.48022 0       0       0       

$-------2-------3-------4-------5-------6-------7-------8-------9-------10
$ Bodies and lifting surfaces definition
$-------2-------3-------4-------5-------6-------7-------8-------9-------10
CORD2R  1       0       0.0000000.0000000.0000000.0000000.00000014.02023
        14.020230.0000000.000000
CAEROB  1       0       0       0       1       44.51   41      1       
        0       0       0.0052960.3501170.0105920.5261250.0158880.667659
        0.0211840.7906140.0264800.9013750.0317761.0033  0.0370731.09841 
        0.0423691.18806 0.0476651.2732  0.0529611.35451 0.0582571.43252 
        0.0635531.50767 0.06885 1.58027 0.0741461.6506  0.0794421.71888 
        0.0847381.78531 0.0900341.85006 0.0953301.91324 0.1006271.975   
        0.4156181.975   0.7306081.975   0.7447871.91514 0.7589651.85383 
        0.7731441.79094 0.7873221.72634 0.8015011.65985 0.8156791.59128 
        0.8298581.5204  0.8440361.44693 0.8582151.37051 0.8723931.29073 
        0.8865721.20702 0.90075 1.11867 0.9149291.02469 0.9291070.923672
        0.9432860.8134870.9574640.6906020.9716430.5482580.9858210.369505
        1       0       ENDT
CAERO1  200     0       0       3       7       0012    0012    1       
        15.4972 0       -1.400327.55991 1.975   1       0       0.6605  0.6605  
CAERO1  250     0       0       3       7       0012    0012    1       
        15.4972 0       -1.400327.55991 -1.975  1       0       0.6605  0.6605  
CAERO1  201     5.681   0       4       4       0012    0012    1       
        15.4972 1.97305 -1.400327.55991 3.84587 0.67638824.9778 0.6605  0.1152  
        1       0.1     0.174   3         flap1r
CAERO1  251     -5.681  0       4       4       0012    0012    1       
        15.4972 -1.97305-1.400327.55991 -3.845870.676388-24.97780.6605  0.1152  
        1       0.1     0.174   3           none
CAERO1  202     0.294   0       6       4       0012    0012    1       
        17.9003 5.80024 -1.019615.11343 6.96663 0.55172428.4848 0.1152  -1.193  
        1       0.174   0.174   3         flap2r
CAERO1  252     -0.294  0       6       4       0012    0012    1       
        17.9003 -5.80024-1.019615.11343 -6.966630.551724-28.48480.1152  -1.193  
        1       0.174   0.174   3         flap2l
CAERO1  204     0.294   0       4       4       0012    0012    1       
        22.2536 12.7668 -0.983852.8212  3.41    0.64    28.8288 -1.193  -1.193  
        1       0.176   0.176   3       aileronr
CAERO1  205     0.294   0       1       7       0012    0012    1       
        24.3844 16.1768 -0.966361.80557 0.8525  0.85937528.8288 -1.193  -1.193  
CAERO1  254     -0.294  0       4       4       0012    0012    1       
        22.2536 -12.7668-0.983852.8212  -3.41   0.64    -28.8288-1.193  -1.193  
        1       0.176   0.176   3       aileronl
CAERO1  255     -0.294  0       1       7       0012    0012    1       
        24.3844 -16.1768-0.966361.80557 -0.8525 0.859375-28.8288-1.193  -1.193  
CAERO1  206     40      0       2       7       0012    0012    1       
        24.9182 17.0117 -0.928011.55166 1.5     0.6     36.3403 -1.193  5       
CAERO1  256     -40     0       2       7       0012    0012    1       
        24.9182 -17.0117-0.928011.55166 -1.5    0.6     -36.3403-1.193  5       
CAERO1  400     0       0       1       7       0012    0012    1       
        40.2634 0       1.04004 3.2633  0.9019611       0       0       0       
CAERO1  450     0       0       1       7       0012    0012    1       
        40.2634 0       1.04004 3.2633  -0.901961       0       0       0       
CAERO1  401     5       0       3       4       0012    0012    1       
        40.2634 0.9019611.04004 3.2633  2.07429 0.71837429.6769 0       0       
        1       0.31    0.31    3         elev1r
CAERO1  451     -5      0       3       4       0012    0012    1       
        40.2634 -0.901961.04004 3.2633  -2.074290.718374-29.67690       0       
        1       0.31    0.31    3         elev1l
CAERO1  402     5       0       4       4       0012    0012    1       
        41.6752 2.96836 1.22082 2.34427 2.97625 0.51562530.3379 0       0       
        1       0.31    0.31    3         elev2r
CAERO1  452     -5      0       4       4       0012    0012    1       
        41.6752 -2.968361.22082 2.34427 -2.976250.515625-30.33790       0       
        1       0.31    0.31    3         elev2l
CAERO1  301     90      0       4       4       0012    0012    1       
        36.2756 0       1.72536 6.34967 3.4415  0.68    37.0996 0       0       
        1       0.3     0.3     3        rudder1
CAERO1  302     90      0       4       4       0012    0012    1       
        39.3864 2.10e-165.16686 4.31778 3.4415  0.51470636.9311 0       0       
        1       0.3     0.3     3        rudder2

$-------2-------3-------4-------5-------6-------7-------8-------9-------10
$ Links aeroelastic variables
$-------2-------3-------4-------5-------6-------7-------8-------9-------10
AELINK  1           none  flap1r-1.0    
AELINK  2         flap2l  flap2r-1.0    
AELINK  3       aileronlaileronr1.0     
AELINK  4        rudder2 rudder11.0     
AELINK  5         elev2r  elev1r1.0     
AELINK  6         elev1l  elev1r-1.0    
AELINK  7         elev2l  elev1r-1.0    
PARAM   DIVERG  1       
AEROS           0       5.27142 34.1    155     0       0       
PARAM   GRDPNT  2000    
CONM2   1       2000    0       52487.8 2.18058 0       0.704317
        1.50e+060.      3.00e+060.      0.      4.22e+06
TRIM=   1       
$ Run solve_vlm_rigid and get aero data
TRIM    1       1       0.3     0.0     SIDES   0.0     ROLL    0.0     
        PITCH   0.0     YAW     0.0     URDD2   0.0     URDD3   9.81    
        URDD4   0.0     URDD5   0.0     URDD6   0.0     ANGLEA  0.0     
          elev1r0.0       flap1r0.0       flap2r0.0      rudder10.0     
        aileronr0.0     
GRID    9000    0       20.2521 0.      -1.106  0       0       0       
PARAM   LANDG   9000
