% SCA320  
  103   103
%  UPPER SURFACE   
   0.0     0.0
   0.002     0.005227
   0.005     0.010032
   0.01     0.015451
   0.02     0.020196
   0.03     0.025129
   0.04     0.029433
   0.05     0.03287
   0.06     0.035044
   0.07     0.037076
   0.08     0.038937
   0.09     0.040403
   0.1     0.04187
   0.11     0.043336
   0.12     0.04462
   0.13     0.045635
   0.14     0.046649
   0.15     0.047663
   0.16     0.048694
   0.17     0.049741
   0.18     0.050788
   0.19     0.051835
   0.2     0.052882
   0.21     0.053426
   0.22     0.05391
   0.23     0.054394
   0.24     0.054878
   0.25     0.055362
   0.26     0.055775
   0.27     0.056105
   0.28     0.056434
   0.29     0.056763
   0.3     0.057093
   0.31     0.057402
   0.32     0.057582
   0.33     0.057763
   0.34     0.057943
   0.35     0.058124
   0.36     0.058252
   0.37     0.058252
   0.38     0.058252
   0.39     0.058252
   0.4     0.058252
   0.41     0.058252
   0.42     0.057936
   0.43     0.057567
   0.44     0.057198
   0.45     0.056829
   0.46     0.05646
   0.47     0.056091
   0.48     0.055925
   0.49     0.055768
   0.5     0.055612
   0.51     0.055455
   0.52     0.055299
   0.53     0.054963
   0.54     0.05436
   0.55     0.053758
   0.56     0.053155
   0.57     0.052553
   0.58     0.05195
   0.59     0.051348
   0.6     0.050694
   0.61     0.050036
   0.62     0.049378
   0.63     0.04872
   0.64     0.048061
   0.65     0.047403
   0.66     0.046745
   0.67     0.046085
   0.68     0.045269
   0.69     0.044454
   0.7     0.043638
   0.71     0.042822
   0.72     0.042007
   0.73     0.041191
   0.74     0.040375
   0.75     0.039396
   0.76     0.038302
   0.77     0.037208
   0.78     0.036113
   0.79     0.035019
   0.8     0.033924
   0.81     0.03283
   0.82     0.031498
   0.83     0.030133
   0.84     0.028767
   0.85     0.027402
   0.86     0.026037
   0.87     0.024386
   0.88     0.022673
   0.89     0.020959
   0.9     0.019246
   0.91     0.017532
   0.92     0.015806
   0.93     0.014068
   0.94     0.012331
   0.95     0.010593
   0.96     0.0088528
   0.97     0.0070825
   0.98     0.0053123
   0.99     0.003542
   1.0     0.0017717
%  LOWER SURFACE   
   0.0     0.0
   0.002     -0.0049742
   0.005     -0.010554
   0.01     -0.015209
   0.02     -0.020191
   0.03     -0.023121
   0.04     -0.025725
   0.05     -0.027913
   0.06     -0.030101
   0.07     -0.031675
   0.08     -0.033141
   0.09     -0.034606
   0.1     -0.036159
   0.11     -0.037826
   0.12     -0.039492
   0.13     -0.041106
   0.14     -0.042393
   0.15     -0.04368
   0.16     -0.044967
   0.17     -0.046254
   0.18     -0.047566
   0.19     -0.048899
   0.2     -0.050232
   0.21     -0.051565
   0.22     -0.052898
   0.23     -0.054064
   0.24     -0.055224
   0.25     -0.056384
   0.26     -0.057544
   0.27     -0.05862
   0.28     -0.059191
   0.29     -0.059761
   0.3     -0.060332
   0.31     -0.060903
   0.32     -0.061473
   0.33     -0.061677
   0.34     -0.061868
   0.35     -0.062059
   0.36     -0.06225
   0.37     -0.062181
   0.38     -0.062064
   0.39     -0.061948
   0.4     -0.061832
   0.41     -0.06169
   0.42     -0.061474
   0.43     -0.061258
   0.44     -0.061042
   0.45     -0.060826
   0.46     -0.060118
   0.47     -0.059275
   0.48     -0.058432
   0.49     -0.057315
   0.5     -0.056016
   0.51     -0.054717
   0.52     -0.053339
   0.53     -0.051892
   0.54     -0.050444
   0.55     -0.048997
   0.56     -0.047692
   0.57     -0.046406
   0.58     -0.045121
   0.59     -0.0438
   0.6     -0.042173
   0.61     -0.040545
   0.62     -0.038918
   0.63     -0.037201
   0.64     -0.035295
   0.65     -0.03339
   0.66     -0.031484
   0.67     -0.029579
   0.68     -0.027674
   0.69     -0.025768
   0.7     -0.023863
   0.71     -0.022091
   0.72     -0.020666
   0.73     -0.019241
   0.74     -0.017816
   0.75     -0.016392
   0.76     -0.014832
   0.77     -0.013203
   0.78     -0.011575
   0.79     -0.0099462
   0.8     -0.0086822
   0.81     -0.0076237
   0.82     -0.0065652
   0.83     -0.0055067
   0.84     -0.0044728
   0.85     -0.0034635
   0.86     -0.0024541
   0.87     -0.0014448
   0.88     -0.00079002
   0.89     -0.00037252
   0.9     4.5e-05
   0.91     0.00024291
   0.92     0.00012657
   0.93     1.02e-05
   0.94     -0.00010609
   0.95     -9.68e-05
   0.96     -8.66e-05
   0.97     -0.00024886
   0.98     -0.00041321
   0.99     -0.00092683
   1.0     -0.0017717
