% A320_1515 
  103   103
	1.000000  	 0.002228
	0.990000	 0.004453
	0.980000	 0.006678
	0.970000	 0.008905
	0.960000	 0.011130
	0.950000	 0.013318
	0.940000	 0.015503
	0.930000	 0.017687
	0.920000	 0.019872
	0.910000	 0.022042
	0.900000	 0.024197
	0.890000	 0.026351
	0.880000	 0.028505
	0.870000	 0.030659
	0.860000	 0.032735
	0.850000	 0.034451
	0.840000	 0.036167
	0.830000	 0.037884
	0.820000	 0.039601
	0.810000	 0.041275
	0.800000	 0.042651
	0.790000	 0.044027
	0.780000	 0.045403
	0.770000	 0.046779
	0.760000	 0.048155
	0.750000	 0.049530
	0.740000	 0.050761
	0.730000	 0.051787
	0.720000	 0.052813
	0.710000	 0.053838
	0.700000	 0.054863
	0.690000	 0.055889
	0.680000	 0.056914
	0.670000	 0.057940
	0.660000	 0.058770
	0.650000	 0.059597
	0.640000	 0.060424
	0.630000	 0.061253
	0.620000	 0.062080
	0.610000	 0.062907
	0.600000	 0.063735
	0.590000	 0.064557
	0.580000	 0.065314
	0.570000	 0.066072
	0.560000	 0.066829
	0.550000	 0.067587
	0.540000	 0.068344
	0.530000	 0.069102
	0.520000	 0.069524
	0.510000	 0.069720
	0.500000	 0.069918
	0.490000	 0.070114
	0.480000	 0.070311
	0.470000	 0.070520
	0.460000	 0.070984
	0.450000	 0.071448
	0.440000	 0.071912
	0.430000	 0.072376
	0.420000	 0.072839
	0.410000	 0.073237
	0.400000	 0.073237
	0.390000	 0.073237
	0.380000	 0.073237
	0.370000	 0.073237
	0.360000	 0.073237
	0.350000	 0.073076
	0.340000	 0.072848
	0.330000	 0.072622
	0.320000	 0.072394
	0.310000	 0.072168
	0.300000	 0.071780
	0.290000	 0.071365
	0.280000	 0.070951
	0.270000	 0.070537
	0.260000	 0.070123
	0.250000	 0.069603
	0.240000	 0.068995
	0.230000	 0.068386
	0.220000	 0.067778
	0.210000	 0.067169
	0.200000	 0.066485
	0.190000	 0.065169
	0.180000	 0.063853
	0.170000	 0.062536
	0.160000	 0.061220
	0.150000	 0.059924
	0.140000	 0.058649
	0.130000	 0.057374
	0.120000	 0.056098
	0.110000	 0.054484
	0.100000	 0.052641
	0.090000	 0.050796
	0.080000	 0.048953
	0.070000	 0.046613
	0.060000	 0.044059
	0.050000	 0.041325
	0.040000	 0.037004
	0.030000	 0.031593
	0.020000	 0.025391
	0.010000	 0.019426
	0.005000	 0.012613
	0.002000	 0.006572
	0.000000	 0.000000
	0.000000	 0.000000
	0.002000	-0.006254
	0.005000	-0.013269
	0.010000	-0.019121
	0.020000	-0.025385
	0.030000	-0.029069
	0.040000	-0.032343
	0.050000	-0.035093
	0.060000	-0.037844
	0.070000	-0.039823
	0.080000	-0.041666
	0.090000	-0.043508
	0.100000	-0.045461
	0.110000	-0.047556
	0.120000	-0.049651
	0.130000	-0.051680
	0.140000	-0.053298
	0.150000	-0.054916
	0.160000	-0.056534
	0.170000	-0.058152
	0.180000	-0.059802
	0.190000	-0.061478
	0.200000	-0.063154
	0.210000	-0.064830
	0.220000	-0.066506
	0.230000	-0.067971
	0.240000	-0.069430
	0.250000	-0.070888
	0.260000	-0.072347
	0.270000	-0.073699
	0.280000	-0.074417
	0.290000	-0.075134
	0.300000	-0.075852
	0.310000	-0.076570
	0.320000	-0.077286
	0.330000	-0.077543
	0.340000	-0.077783
	0.350000	-0.078023
	0.360000	-0.078263
	0.370000	-0.078176
	0.380000	-0.078029
	0.390000	-0.077884
	0.400000	-0.077738
	0.410000	-0.077559
	0.420000	-0.077288
	0.430000	-0.077016
	0.440000	-0.076744
	0.450000	-0.076473
	0.460000	-0.075583
	0.470000	-0.074523
	0.480000	-0.073463
	0.490000	-0.072059
	0.500000	-0.070426
	0.510000	-0.068792
	0.520000	-0.067060
	0.530000	-0.065241
	0.540000	-0.063420
	0.550000	-0.061601
	0.560000	-0.059960
	0.570000	-0.058344
	0.580000	-0.056728
	0.590000	-0.055067
	0.600000	-0.053022
	0.610000	-0.050975
	0.620000	-0.048929
	0.630000	-0.046771
	0.640000	-0.044374
	0.650000	-0.041979
	0.660000	-0.039583
	0.670000	-0.037188
	0.680000	-0.034793
	0.690000	-0.032397
	0.700000	-0.030002
	0.710000	-0.027774
	0.720000	-0.025982
	0.730000	-0.024191
	0.740000	-0.022399
	0.750000	-0.020609
	0.760000	-0.018647
	0.770000	-0.016599
	0.780000	-0.014553
	0.790000	-0.012505
	0.800000	-0.010915
	0.810000	-0.009585
	0.820000	-0.008254
	0.830000	-0.006924
	0.840000	-0.005624
	0.850000	-0.004355
	0.860000	-0.003085
	0.870000	-0.001817
	0.880000	-0.000993
	0.890000	-0.000469
	0.900000	 0.000057
	0.910000	 0.000306
	0.920000	 0.000160
	0.930000	 0.000013
	0.940000	-0.000133
	0.950000	-0.000122
	0.960000	-0.000109
	0.970000	-0.000313
	0.980000	-0.000519
	0.990000	-0.001165
	1.000000	-0.002228
