PARAM   DIVERG  1       
AEROS           0       1.16864 26      30.5    0       0       
TRIM=   4       
TRIM    4       1       0.3     0.0     SIDES   0.0     ROLL    0.0     
        PITCH   0.0     YAW     0.0     URDD2   0.0     URDD3   9.81    
        URDD4   0.0     URDD5   0.0     URDD6   0.0     ANGLEA  0.0     
          elev1r0.0     
$-------2-------3-------4-------5-------6-------7-------8-------9-------10
$ Bodies and lifting surfaces definition
$-------2-------3-------4-------5-------6-------7-------8-------9-------10
CAERO1  400     0       0       1       7       0012    0012    1       
        24.5031 0       5.7107  1.80562 0.1105511       0       0       0       
CAERO1  450     0       0       1       7       0012    0012    1       
        24.5031 0       5.7107  1.80562 -0.110551       0       0       0       
CAERO1  401     1       0       3       4       0012    0012    1       
        24.5031 0.1105515.7107  1.80562 1.7172  0.8097966       0       0       
        1       0.31    0.31    3         elev1r
CAERO1  451     -1      0       3       4       0012    0012    1       
        24.5031 -0.110555.7107  1.80562 -1.7172 0.809796-6      0       0       
        1       0.31    0.31    3         elev1l
CAERO1  402     1       0       4       4       0012    0012    1       
        24.7695 1.82749 5.74067 1.46218 1.82775 0.75    6       0       0       
        1       0.31    0.31    3         elev2r
CAERO1  452     -1      0       4       4       0012    0012    1       
        24.7695 -1.827495.74067 1.46218 -1.827750.75    -6      0       0       
        1       0.31    0.31    3         elev2l

$-------2-------3-------4-------5-------6-------7-------8-------9-------10
$ Links aeroelastic variables
$-------2-------3-------4-------5-------6-------7-------8-------9-------10
AELINK  1         elev2r  elev1r1.0     
AELINK  2         elev1l  elev1r-1.0    
AELINK  3         elev2l  elev1r-1.0    
