
$-------2-------3-------4-------5-------6-------7-------8-------9-------10
$ Node definition
$-------2-------3-------4-------5-------6-------7-------8-------9-------10
GRID    1000    0       0.      0.      0.      0       0       0       
GRID    1001    0       6.6778  0.      0.      0       0       0       
GRID    1002    0       12.7812 0.      0.      0       0       0       
GRID    1003    0       19.1718 0.      0.      0       0       0       
GRID    1004    0       24.6746 0.      0.      0       0       0       
GRID    1005    0       27.2602 0.      0.      0       0       0       
GRID    1006    0       42.6714 0.      0.      0       0       0       
GRID    1007    0       51.1248 0.      0.8884880       0       0       
GRID    1008    0       56.8028 0.      1.48527 0       0       0       
GRID    1009    0       59.0106 0.      1.71732 0       0       0       
GRID    1010    0       63.906  0.      2.23185 0       0       0       
GRID    2001    0       27.2602 1.41    -1.128  0       0       0       
GRID    2002    0       27.2602 2.82    -1.128  0       0       0       
GRID    2003    0       27.9827 4.20858 -0.991800       0       0       
GRID    2004    0       28.7051 5.59715 -0.855610       0       0       
GRID    2005    0       29.4275 6.98573 -0.719410       0       0       
GRID    2006    0       30.1499 8.3743  -0.583220       0       0       
GRID    2007    0       30.65   9.3699  -0.500970       0       0       
GRID    2008    0       31.5394 11.1403 -0.354720       0       0       
GRID    2009    0       32.4287 12.9108 -0.208470       0       0       
GRID    2010    0       33.318  14.6812 -0.062210       0       0       
GRID    2011    0       34.2074 16.4516 0.0840340       0       0       
GRID    2012    0       35.0967 18.222  0.2302880       0       0       
GRID    2013    0       35.986  19.9925 0.3765420       0       0       
GRID    2014    0       36.7323 21.4783 0.4956650       0       0       
GRID    2015    0       37.4785 22.9641 0.6147890       0       0       
GRID    2016    0       38.2247 24.45   0.7339120       0       0       
GRID    2017    0       38.971  25.9358 0.8530360       0       0       
GRID    2018    0       39.7172 27.4216 0.9721590       0       0       
GRID    2019    0       40.4634 28.9075 1.09128 0       0       0       
GRID    2000    0       27.2602 0.      -1.128  0       0       0       
GRID    2020    0       27.2602 -1.41   -1.128  0       0       0       
GRID    2021    0       27.2602 -2.82   -1.128  0       0       0       
GRID    2022    0       27.9827 -4.20858-0.991800       0       0       
GRID    2023    0       28.7051 -5.59715-0.855610       0       0       
GRID    2024    0       29.4275 -6.98573-0.719410       0       0       
GRID    2025    0       30.1499 -8.3743 -0.583220       0       0       
GRID    2026    0       30.65   -9.3699 -0.500970       0       0       
GRID    2027    0       31.5394 -11.1403-0.354720       0       0       
GRID    2028    0       32.4287 -12.9108-0.208470       0       0       
GRID    2029    0       33.318  -14.6812-0.062210       0       0       
GRID    2030    0       34.2074 -16.45160.0840340       0       0       
GRID    2031    0       35.0967 -18.222 0.2302880       0       0       
GRID    2032    0       35.986  -19.99250.3765420       0       0       
GRID    2033    0       36.7323 -21.47830.4956650       0       0       
GRID    2034    0       37.4785 -22.96410.6147890       0       0       
GRID    2035    0       38.2247 -24.45  0.7339120       0       0       
GRID    2036    0       38.971  -25.93580.8530360       0       0       
GRID    2037    0       39.7172 -27.42160.9721590       0       0       
GRID    2038    0       40.4634 -28.90751.09128 0       0       0       
GRID    3000    0       56.8028 0.      2.82    0       0       0       
GRID    3001    0       57.4169 0.      3.65    0       0       0       
GRID    3002    0       58.031  0.      4.48    0       0       0       
GRID    3003    0       58.6452 0.      5.31    0       0       0       
GRID    3004    0       59.2593 0.      6.14    0       0       0       
GRID    3005    0       59.8734 0.      6.97    0       0       0       
GRID    3006    0       60.4875 0.      7.8     0       0       0       
GRID    3007    0       61.1017 0.      8.63    0       0       0       
GRID    3008    0       61.7158 0.      9.46    0       0       0       
GRID    3009    0       62.3299 0.      10.29   0       0       0       
GRID    3010    0       62.9441 0.      11.12   0       0       0       
GRID    4001    0       59.0106 0.5318671.5792  0       0       0       
GRID    4002    0       59.0106 1.06373 1.5792  0       0       0       
GRID    4003    0       59.4177 1.81716 1.65706 0       0       0       
GRID    4004    0       59.8248 2.57058 1.73492 0       0       0       
GRID    4005    0       60.2319 3.324   1.81278 0       0       0       
GRID    4006    0       60.6389 4.07743 1.89064 0       0       0       
GRID    4007    0       61.046  4.83085 1.9685  0       0       0       
GRID    4008    0       61.4805 5.6349  2.05323 0       0       0       
GRID    4009    0       61.9151 6.43895 2.13795 0       0       0       
GRID    4010    0       62.3496 7.243   2.22268 0       0       0       
GRID    4011    0       62.7841 8.04705 2.30741 0       0       0       
GRID    4012    0       63.2186 8.85111 2.39214 0       0       0       
GRID    4013    0       63.6532 9.65516 2.47687 0       0       0       
GRID    4000    0       59.0106 0.      1.5792  0       0       0       
GRID    4014    0       59.0106 -0.531861.5792  0       0       0       
GRID    4015    0       59.0106 -1.063731.5792  0       0       0       
GRID    4016    0       59.4177 -1.817161.65706 0       0       0       
GRID    4017    0       59.8248 -2.570581.73492 0       0       0       
GRID    4018    0       60.2319 -3.324  1.81278 0       0       0       
GRID    4019    0       60.6389 -4.077431.89064 0       0       0       
GRID    4020    0       61.046  -4.830851.9685  0       0       0       
GRID    4021    0       61.4805 -5.6349 2.05323 0       0       0       
GRID    4022    0       61.9151 -6.438952.13795 0       0       0       
GRID    4023    0       62.3496 -7.243  2.22268 0       0       0       
GRID    4024    0       62.7841 -8.047052.30741 0       0       0       
GRID    4025    0       63.2186 -8.851112.39214 0       0       0       
GRID    4026    0       63.6532 -9.655162.47687 0       0       0       

$-------2-------3-------4-------5-------6-------7-------8-------9-------10
$ Bodies and lifting surfaces definition
$-------2-------3-------4-------5-------6-------7-------8-------9-------10
CAERO1  200     0       0       3       13      XRFROOT XRFROOT 1       
        22.4246 0       -1.0083610.8489 2.82    1       0       3.2357  3.2357  
