INCLUDE C:\Users\chang.xu\Projekte\Chose\NeoCASS_vanila\NeoCASS_Latest_Version\Output\TALH\TALH_tube.dat
$-------2-------3-------4-------5-------6-------7-------8-------9-------10
$ Lumped masses: BAGGAGE 2721 Kg
$ Fuselage beams: from 11 to 27
$ Fraction of baggage length: from 0 to 100 %
$ XML variabile: aircraft.Baggage.Baggage_combined_length = 22.255 m.
$-------2-------3-------4-------5-------6-------7-------8-------9-------10
CONM2   4       1011    0       167.952 0       0       0       
        0.      0.      0.      0.      0.      0.      
CONM2   5       1012    0       167.556 0       0       0       
        0.      0.      0.      0.      0.      0.      
CONM2   6       1013    0       167.16  0       0       0       
        0.      0.      0.      0.      0.      0.      
CONM2   7       1014    0       166.763 0       0       0       
        0.      0.      0.      0.      0.      0.      
CONM2   8       1015    0       166.367 0       0       0       
        0.      0.      0.      0.      0.      0.      
CONM2   9       1016    0       165.97  0       0       0       
        0.      0.      0.      0.      0.      0.      
CONM2   10      1017    0       165.574 0       0       0       
        0.      0.      0.      0.      0.      0.      
CONM2   11      1018    0       189.617 0       0       0       
        0.      0.      0.      0.      0.      0.      
CONM2   12      1019    0       164.66  0       0       0       
        0.      0.      0.      0.      0.      0.      
CONM2   13      1020    0       166.225 0       0       0       
        0.      0.      0.      0.      0.      0.      
CONM2   14      1021    0       163.858 0       0       0       
        0.      0.      0.      0.      0.      0.      
CONM2   15      1022    0       137.312 0       0       0       
        0.      0.      0.      0.      0.      0.      
CONM2   16      1023    0       163.196 0       0       0       
        0.      0.      0.      0.      0.      0.      
CONM2   17      1024    0       162.799 0       0       0       
        0.      0.      0.      0.      0.      0.      
CONM2   18      1025    0       162.403 0       0       0       
        0.      0.      0.      0.      0.      0.      
CONM2   19      1026    0       162.006 0       0       0       
        0.      0.      0.      0.      0.      0.      
CONM2   20      1027    0       81.5806 0       0       0       
        0.      0.      0.      0.      0.      0.      

$-------2-------3-------4-------5-------6-------7-------8-------9-------10
$ Lumped masses: PASSENGERS 27215.7 Kg
$ Fuselage beams: from 7 to 36
$ Fraction of cabin length : from 0 to 100 %
$ Cabin length = 35.9936 m.
$-------2-------3-------4-------5-------6-------7-------8-------9-------10
CONM2   21      1007    0       932.801 0       0       0       
        0.      0.      0.      0.      0.      0.      
CONM2   22      1008    0       932.049 0       0       0       
        0.      0.      0.      0.      0.      0.      
CONM2   23      1009    0       931.297 0       0       0       
        0.      0.      0.      0.      0.      0.      
CONM2   24      1010    0       930.544 0       0       0       
        0.      0.      0.      0.      0.      0.      
CONM2   25      1011    0       929.792 0       0       0       
        0.      0.      0.      0.      0.      0.      
CONM2   26      1012    0       929.04  0       0       0       
        0.      0.      0.      0.      0.      0.      
CONM2   27      1013    0       928.287 0       0       0       
        0.      0.      0.      0.      0.      0.      
CONM2   28      1014    0       927.535 0       0       0       
        0.      0.      0.      0.      0.      0.      
CONM2   29      1015    0       926.783 0       0       0       
        0.      0.      0.      0.      0.      0.      
CONM2   30      1016    0       926.031 0       0       0       
        0.      0.      0.      0.      0.      0.      
CONM2   31      1017    0       925.278 0       0       0       
        0.      0.      0.      0.      0.      0.      
CONM2   32      1018    0       1062.98 0       0       0       
        0.      0.      0.      0.      0.      0.      
CONM2   33      1019    0       923.544 0       0       0       
        0.      0.      0.      0.      0.      0.      
CONM2   34      1020    0       933.445 0       0       0       
        0.      0.      0.      0.      0.      0.      
CONM2   35      1021    0       922.022 0       0       0       
        0.      0.      0.      0.      0.      0.      
CONM2   36      1022    0       772.638 0       0       0       
        0.      0.      0.      0.      0.      0.      
CONM2   37      1023    0       920.765 0       0       0       
        0.      0.      0.      0.      0.      0.      
CONM2   38      1024    0       920.012 0       0       0       
        0.      0.      0.      0.      0.      0.      
CONM2   39      1025    0       919.26  0       0       0       
        0.      0.      0.      0.      0.      0.      
CONM2   40      1026    0       918.508 0       0       0       
        0.      0.      0.      0.      0.      0.      
CONM2   41      1027    0       917.755 0       0       0       
        0.      0.      0.      0.      0.      0.      
CONM2   42      1028    0       917.003 0       0       0       
        0.      0.      0.      0.      0.      0.      
CONM2   43      1029    0       916.251 0       0       0       
        0.      0.      0.      0.      0.      0.      
CONM2   44      1030    0       915.499 0       0       0       
        0.      0.      0.      0.      0.      0.      
CONM2   45      1031    0       914.746 0       0       0       
        0.      0.      0.      0.      0.      0.      
CONM2   46      1032    0       1089.03 0       0       0       
        0.      0.      0.      0.      0.      0.      
CONM2   47      1033    0       914.484 0       0       0       
        0.      0.      0.      0.      0.      0.      
CONM2   48      1034    0       741.486 0       0       0       
        0.      0.      0.      0.      0.      0.      
CONM2   49      1035    0       916.732 0       0       0       
        0.      0.      0.      0.      0.      0.      
CONM2   50      1036    0       460.105 0       0       0       
        0.      0.      0.      0.      0.      0.      

$-------2-------3-------4-------5-------6-------7-------8-------9-------10
$ Lumped masses: WING TANK FUEL 60000 Kg
$ Wing beams: from 3 to 64
$ Span fraction: from 9.7241 to 70 %
$-------2-------3-------4-------5-------6-------7-------8-------9-------10
CONM2   51      2002    0       578.873 0       0       0       
        160.65  299.63  580.684 29.3883 56.4873 10.3037 
CONM2   52      2003    0       1140.16 0       0       0       
        314.144 585.785 1135.32 57.4548 110.434 20.2135 
CONM2   53      2004    0       1105.15 0       0       0       
        300.046 559.24  1084.01 54.8512 105.43  19.4346 
CONM2   54      2005    0       1070.48 0       0       0       
        286.369 533.501 1034.25 52.3267 100.577 18.6733 
CONM2   55      2006    0       1036.14 0       0       0       
        273.106 508.55  986.011 49.8794 95.8735 17.9294 
CONM2   56      2007    0       1002.14 0       0       0       
        260.247 484.371 939.257 47.5079 91.3151 17.2026 
CONM2   57      2008    0       968.47  0       0       0       
        247.783 460.947 893.956 45.2104 86.8992 16.4924 
CONM2   58      2009    0       935.139 0       0       0       
        235.706 438.261 850.078 42.9854 82.6224 15.7987 
CONM2   59      2010    0       902.143 0       0       0       
        224.008 416.298 807.591 40.8312 78.4818 15.121  
CONM2   60      2011    0       869.482 0       0       0       
        212.68  395.04  766.463 38.7462 74.4743 14.4592 
CONM2   61      2012    0       837.157 0       0       0       
        201.713 374.473 726.665 36.729  70.5969 13.8129 
CONM2   62      2013    0       805.168 0       0       0       
        191.1   354.58  688.165 34.7778 66.8466 13.1819 
CONM2   63      2014    0       773.514 0       0       0       
        180.833 335.346 650.934 32.8913 63.2204 12.5657 
CONM2   64      2015    0       742.195 0       0       0       
        170.903 316.754 614.942 31.0678 59.7156 11.9643 
CONM2   65      2016    0       711.212 0       0       0       
        161.302 298.791 580.16  29.306  56.3291 11.3772 
CONM2   66      2017    0       680.564 0       0       0       
        152.024 281.441 546.559 27.6042 53.0582 10.8041 
CONM2   67      2018    0       650.252 0       0       0       
        143.059 264.689 514.11  25.9611 49.9    10.245  
CONM2   68      2019    0       620.275 0       0       0       
        134.4   248.52  482.785 24.3753 46.8518 9.69932 
CONM2   69      2020    0       590.633 0       0       0       
        126.04  232.92  452.556 22.8452 43.9108 9.16695 
CONM2   70      2021    0       561.327 0       0       0       
        117.971 217.874 423.396 21.3695 41.0744 8.6476  
CONM2   71      2022    0       507.977 0       0       0       
        102.484 192.747 380.26  17.5511 34.2311 6.90933 
CONM2   72      2023    0       464.434 0       0       0       
        89.7246 172.608 346.636 14.259  28.3859 5.36398 
CONM2   73      2024    0       454.122 0       0       0       
        86.7943 166.908 335.222 13.7881 27.4485 5.2195  
CONM2   74      2025    0       443.085 0       0       0       
        83.3135 160.121 321.64  13.2275 26.3324 5.05557 
CONM2   75      2026    0       464.929 0       0       0       
        86.1477 164.428 330.885 13.5833 27.0407 5.78483 
CONM2   76      2027    0       486.086 0       0       0       
        88.7058 168.221 339.087 13.8966 27.6644 6.48938 
CONM2   77      2028    0       473.819 0       0       0       
        84.6527 160.363 323.339 13.2475 26.3722 6.27653 
CONM2   78      2029    0       461.706 0       0       0       
        80.74   152.783 308.143 12.6212 25.1256 6.06879 
CONM2   79      2030    0       449.747 0       0       0       
        76.9645 145.473 293.488 12.0174 23.9234 5.86605 
CONM2   80      2031    0       437.943 0       0       0       
        73.323  138.427 279.359 11.4353 22.7647 5.66823 
CONM2   81      2032    0       426.293 0       0       0       
        69.8122 131.638 265.744 10.8745 21.6483 5.47525 
CONM2   82      2033    0       414.797 0       0       0       
        66.429  125.101 252.63  10.3345 20.5732 5.28702 
CONM2   83      2034    0       403.456 0       0       0       
        63.1701 118.809 240.006 9.81467 19.5384 5.10345 
CONM2   84      2035    0       392.269 0       0       0       
        60.0326 112.755 227.859 9.31461 18.5429 4.92446 
CONM2   85      2036    0       381.236 0       0       0       
        57.0134 106.935 216.176 8.83378 17.5857 4.74996 
CONM2   86      2037    0       370.357 0       0       0       
        54.1094 101.341 204.946 8.37168 16.6658 4.57988 
CONM2   87      2038    0       359.633 0       0       0       
        51.3176 95.968  194.157 7.92782 15.7822 4.41414 
CONM2   88      2039    0       349.063 0       0       0       
        48.6352 90.81   183.798 7.50173 14.934  4.25265 
CONM2   89      2040    0       338.648 0       0       0       
        46.0593 85.8612 173.856 7.09291 14.1201 4.09534 
CONM2   90      2041    0       328.386 0       0       0       
        43.5868 81.116  164.321 6.70091 13.3398 3.94212 
CONM2   91      2042    0       318.279 0       0       0       
        41.2152 76.5687 155.181 6.32526 12.5919 3.79293 
CONM2   92      2043    0       308.327 0       0       0       
        38.9415 72.2137 146.425 5.9655  11.8757 3.64769 
CONM2   93      2044    0       298.528 0       0       0       
        36.763  68.0456 138.043 5.62118 11.1903 3.50632 
CONM2   94      2045    0       288.884 0       0       0       
        34.6771 64.0591 130.023 5.29186 10.5347 3.36876 
CONM2   95      2046    0       279.394 0       0       0       
        32.681  60.2487 122.356 4.97709 9.90808 3.23492 
CONM2   96      2047    0       270.059 0       0       0       
        30.7721 56.6094 115.03  4.67645 9.30958 3.10473 
CONM2   97      2048    0       260.878 0       0       0       
        28.9478 53.1359 108.036 4.3895  8.73835 2.97814 
CONM2   98      2049    0       251.851 0       0       0       
        27.2057 49.8232 101.363 4.11584 8.19356 2.85506 
CONM2   99      2050    0       242.978 0       0       0       
        25.5431 46.6662 95.0016 3.85505 7.67439 2.73544 
CONM2   100     2051    0       234.26  0       0       0       
        23.9577 43.6601 88.9419 3.60672 7.18003 2.6192  
CONM2   101     2052    0       225.696 0       0       0       
        22.447  40.8001 83.1742 3.37045 6.70969 2.50628 
CONM2   102     2053    0       217.287 0       0       0       
        21.0085 38.0813 77.6891 3.14586 6.26258 2.39661 
CONM2   103     2054    0       209.031 0       0       0       
        19.64   35.4991 72.4772 2.93255 5.83793 2.29013 
CONM2   104     2055    0       200.93  0       0       0       
        18.3391 33.0489 67.5294 2.73014 5.43498 2.18678 
CONM2   105     2056    0       192.983 0       0       0       
        17.1036 30.7261 62.8367 2.53826 5.053   2.08649 
CONM2   106     2057    0       185.191 0       0       0       
        15.9312 28.5264 58.3902 2.35654 4.69125 1.98921 
CONM2   107     2058    0       177.553 0       0       0       
        14.8198 26.4453 54.1813 2.18462 4.34901 1.89488 
CONM2   108     2059    0       170.069 0       0       0       
        13.7671 24.4786 50.2013 2.02215 4.02558 1.80344 
CONM2   109     2060    0       162.74  0       0       0       
        12.7711 22.622  46.442  1.86878 3.72026 1.71482 
CONM2   110     2061    0       155.564 0       0       0       
        11.8297 20.8715 42.895  1.72417 3.43237 1.62899 
CONM2   111     2062    0       148.543 0       0       0       
        10.9409 19.2228 39.5524 1.58798 3.16125 1.54587 
CONM2   112     2063    0       142.531 0       0       0       
        10.1638 17.7775 36.6281 1.44771 2.88228 1.46929 
CONM2   113     2064    0       69.9951 0       0       0       
        4.90916 8.56573 17.6625 0.6867391.36737 0.716804
CONM2   114     2096    0       578.873 0       0       0       
        160.65  -299.63 580.684 29.3883 -56.487310.3037 
CONM2   115     2097    0       1140.16 0       0       0       
        314.144 -585.7851135.32 57.4548 -110.43420.2135 
CONM2   116     2098    0       1105.15 0       0       0       
        300.046 -559.24 1084.01 54.8512 -105.43 19.4346 
CONM2   117     2099    0       1070.48 0       0       0       
        286.369 -533.5011034.25 52.3267 -100.57718.6733 
CONM2   118     2100    0       1036.14 0       0       0       
        273.106 -508.55 986.011 49.8794 -95.873517.9294 
CONM2   119     2101    0       1002.14 0       0       0       
        260.247 -484.371939.257 47.5079 -91.315117.2026 
CONM2   120     2102    0       968.47  0       0       0       
        247.783 -460.947893.956 45.2104 -86.899216.4924 
CONM2   121     2103    0       935.139 0       0       0       
        235.706 -438.261850.078 42.9854 -82.622415.7987 
CONM2   122     2104    0       902.143 0       0       0       
        224.008 -416.298807.591 40.8312 -78.481815.121  
CONM2   123     2105    0       869.482 0       0       0       
        212.68  -395.04 766.463 38.7462 -74.474314.4592 
CONM2   124     2106    0       837.157 0       0       0       
        201.713 -374.473726.665 36.729  -70.596913.8129 
CONM2   125     2107    0       805.168 0       0       0       
        191.1   -354.58 688.165 34.7778 -66.846613.1819 
CONM2   126     2108    0       773.514 0       0       0       
        180.833 -335.346650.934 32.8913 -63.220412.5657 
CONM2   127     2109    0       742.195 0       0       0       
        170.903 -316.754614.942 31.0678 -59.715611.9643 
CONM2   128     2110    0       711.212 0       0       0       
        161.302 -298.791580.16  29.306  -56.329111.3772 
CONM2   129     2111    0       680.564 0       0       0       
        152.024 -281.441546.559 27.6042 -53.058210.8041 
CONM2   130     2112    0       650.252 0       0       0       
        143.059 -264.689514.11  25.9611 -49.9   10.245  
CONM2   131     2113    0       620.275 0       0       0       
        134.4   -248.52 482.785 24.3753 -46.85189.69932 
CONM2   132     2114    0       590.633 0       0       0       
        126.04  -232.92 452.556 22.8452 -43.91089.16695 
CONM2   133     2115    0       561.327 0       0       0       
        117.971 -217.874423.396 21.3695 -41.07448.6476  
CONM2   134     2116    0       507.977 0       0       0       
        102.484 -192.747380.26  17.5511 -34.23116.90933 
CONM2   135     2117    0       464.434 0       0       0       
        89.7246 -172.608346.636 14.259  -28.38595.36398 
CONM2   136     2118    0       454.122 0       0       0       
        86.7943 -166.908335.222 13.7881 -27.44855.2195  
CONM2   137     2119    0       443.085 0       0       0       
        83.3135 -160.121321.64  13.2275 -26.33245.05557 
CONM2   138     2120    0       464.929 0       0       0       
        86.1477 -164.428330.885 13.5833 -27.04075.78483 
CONM2   139     2121    0       486.086 0       0       0       
        88.7058 -168.221339.087 13.8966 -27.66446.48938 
CONM2   140     2122    0       473.819 0       0       0       
        84.6527 -160.363323.339 13.2475 -26.37226.27653 
CONM2   141     2123    0       461.706 0       0       0       
        80.74   -152.783308.143 12.6212 -25.12566.06879 
CONM2   142     2124    0       449.747 0       0       0       
        76.9645 -145.473293.488 12.0174 -23.92345.86605 
CONM2   143     2125    0       437.943 0       0       0       
        73.323  -138.427279.359 11.4353 -22.76475.66823 
CONM2   144     2126    0       426.293 0       0       0       
        69.8122 -131.638265.744 10.8745 -21.64835.47525 
CONM2   145     2127    0       414.797 0       0       0       
        66.429  -125.101252.63  10.3345 -20.57325.28702 
CONM2   146     2128    0       403.456 0       0       0       
        63.1701 -118.809240.006 9.81467 -19.53845.10345 
CONM2   147     2129    0       392.269 0       0       0       
        60.0326 -112.755227.859 9.31461 -18.54294.92446 
CONM2   148     2130    0       381.236 0       0       0       
        57.0134 -106.935216.176 8.83378 -17.58574.74996 
CONM2   149     2131    0       370.357 0       0       0       
        54.1094 -101.341204.946 8.37168 -16.66584.57988 
CONM2   150     2132    0       359.633 0       0       0       
        51.3176 -95.968 194.157 7.92782 -15.78224.41414 
CONM2   151     2133    0       349.063 0       0       0       
        48.6352 -90.81  183.798 7.50173 -14.934 4.25265 
CONM2   152     2134    0       338.648 0       0       0       
        46.0593 -85.8612173.856 7.09291 -14.12014.09534 
CONM2   153     2135    0       328.386 0       0       0       
        43.5868 -81.116 164.321 6.70091 -13.33983.94212 
CONM2   154     2136    0       318.279 0       0       0       
        41.2152 -76.5687155.181 6.32526 -12.59193.79293 
CONM2   155     2137    0       308.327 0       0       0       
        38.9415 -72.2137146.425 5.9655  -11.87573.64769 
CONM2   156     2138    0       298.528 0       0       0       
        36.763  -68.0456138.043 5.62118 -11.19033.50632 
CONM2   157     2139    0       288.884 0       0       0       
        34.6771 -64.0591130.023 5.29186 -10.53473.36876 
CONM2   158     2140    0       279.394 0       0       0       
        32.681  -60.2487122.356 4.97709 -9.908083.23492 
CONM2   159     2141    0       270.059 0       0       0       
        30.7721 -56.6094115.03  4.67645 -9.309583.10473 
CONM2   160     2142    0       260.878 0       0       0       
        28.9478 -53.1359108.036 4.3895  -8.738352.97814 
CONM2   161     2143    0       251.851 0       0       0       
        27.2057 -49.8232101.363 4.11584 -8.193562.85506 
CONM2   162     2144    0       242.978 0       0       0       
        25.5431 -46.666295.0016 3.85505 -7.674392.73544 
CONM2   163     2145    0       234.26  0       0       0       
        23.9577 -43.660188.9419 3.60672 -7.180032.6192  
CONM2   164     2146    0       225.696 0       0       0       
        22.447  -40.800183.1742 3.37045 -6.709692.50628 
CONM2   165     2147    0       217.287 0       0       0       
        21.0085 -38.081377.6891 3.14586 -6.262582.39661 
CONM2   166     2148    0       209.031 0       0       0       
        19.64   -35.499172.4772 2.93255 -5.837932.29013 
CONM2   167     2149    0       200.93  0       0       0       
        18.3391 -33.048967.5294 2.73014 -5.434982.18678 
CONM2   168     2150    0       192.983 0       0       0       
        17.1036 -30.726162.8367 2.53826 -5.053  2.08649 
CONM2   169     2151    0       185.191 0       0       0       
        15.9312 -28.526458.3902 2.35654 -4.691251.98921 
CONM2   170     2152    0       177.553 0       0       0       
        14.8198 -26.445354.1813 2.18462 -4.349011.89488 
CONM2   171     2153    0       170.069 0       0       0       
        13.7671 -24.478650.2013 2.02215 -4.025581.80344 
CONM2   172     2154    0       162.74  0       0       0       
        12.7711 -22.622 46.442  1.86878 -3.720261.71482 
CONM2   173     2155    0       155.564 0       0       0       
        11.8297 -20.871542.895  1.72417 -3.432371.62899 
CONM2   174     2156    0       148.543 0       0       0       
        10.9409 -19.222839.5524 1.58798 -3.161251.54587 
CONM2   175     2157    0       142.531 0       0       0       
        10.1638 -17.777536.6281 1.44771 -2.882281.46929 
CONM2   176     2158    0       69.9951 0       0       0       
        4.90916 -8.5657317.6625 0.686739-1.367370.716804

$-------2-------3-------4-------5-------6-------7-------8-------9-------10
$ Lumped masses: CENTRAL TANK FUEL 20000 Kg
$ Wing beams: from 1 to 2
$-------2-------3-------4-------5-------6-------7-------8-------9-------10
CONM2   177     2000    0       2500    0       0       0       
        414.187 0.      4016.75 0.      0.      414.187 
CONM2   178     2001    0       5000    0       0       0       
        828.375 0.      7625.12 0.      0.      828.375 
CONM2   179     2002    0       2500    0       0       0       
        414.187 0.      3608.36 0.      0.      414.187 
CONM2   180     2000    0       2500    0       0       0       
        414.187 0.      4016.75 0.      0.      414.187 
CONM2   181     2095    0       5000    0       0       0       
        828.375 0.      7625.12 0.      0.      828.375 
CONM2   182     2096    0       2500    0       0       0       
        414.187 0.      3608.36 0.      0.      414.187 

$ Summary of payload (as CONM2): 
$ Wing tank: 60000
$ Central tank: 20000
$ Auxiliary tank: 0
$ Passengers: 27215.7
$ Baggage: 2721
$-------2-------3-------4-------5-------6-------7-------8-------9-------10
$ SUPORT FOR CURRENT CONFIGURATION
SUPORT  1       1023    123456  
